	1.42	1.12	3.09	0.71
	1.26	0.76	2.33	0.42
	1.39	0.76	2.34	0.42
	1.28	0.29	1.90	1.10
	1.17	0.76	5.28	0.75
	1.97	1.80	5.49	1.33
	2.71	1.09	5.56	0.78
	2.92	0.91	13.19	0.85
	3.57	0.49	6.61	0.82
	3.68	1.59	1.96	0.56
	4.11	0.48	4.90	1.02
	1.63	0.45	3.15	0.61
	2.08	0.58	2.88	0.61
	2.80	1.30	3.91	0.91
	4.76	0.64	3.88	0.88
	4.96	0.66	4.22	0.96
	4.81	0.73	4.58	1.07
	4.86	0.62	3.89	0.95
	4.80	0.75	4.61	0.96
	3.05	0.91	3.94	0.97
	3.52	0.99	3.86	1.03
	3.40	0.86	4.46	0.96
	1.74	0.96	4.66	0.92
	5.85	21.91	8.14	1.30
	13.84	1.04	2.07	0.48
	4.60	0.48	1.89	0.56
	4.09	0.29	1.99	0.39
	5.38	0.72	10.04	3.80
	5.31	0.18	2.50	0.49
	5.34	0.55	2.44	0.45
	29.37	0.65	1.68	0.52
	3.03	0.12	1.55	0.34
	1.72	0.12	1.31	0.36
	1.22	0.18	1.53	0.35
	1.17	0.16	1.67	0.44
	1.89	0.13	1.61	0.45
	13.95	0.17	1.74	0.45
	1.60	0.19	1.51	0.91
	1.12	0.13	1.38	0.47
	1.51	0.31	2.03	0.63
	1.69	0.17	1.50	0.47
	1.09	0.12	1.39	0.50
	1.32	0.17	1.88	0.44
	1.13	0.12	1.36	0.42
	1.74	0.18	1.57	0.47
	1.37	0.18	1.62	0.44
	1.19	0.17	1.59	0.43
	1.13	0.13	1.50	0.44
	3.76	0.16	1.58	0.51
	7.93	0.25	2.08	0.61
	3.87	14.99	6.25	2.65
	3.76	0.14	1.56	0.34
	2.91	0.27	1.76	0.38
	1.75	0.23	1.37	0.31
	1.88	0.31	1.41	0.25
	2.49	0.53	1.76	0.32
	2.05	0.29	1.78	0.29
	32.33	0.85	2.04	0.81
	2.42	0.18	2.67	0.46
	0.78	0.39	1.68	0.35
	0.87	0.54	1.51	0.25
	1.05	1.11	1.70	0.27
	1.39	0.37	1.65	0.26
	4.79	0.27	1.58	0.28
	1.23	0.70	1.62	0.29
	1.30	0.40	1.61	0.30
	1.39	0.40	1.66	0.30
	1.75	0.41	2.39	0.88
	2.12	0.50	2.15	0.36
	2.37	0.76	2.02	0.32
	2.06	0.50	2.54	1.24
	1.77	0.53	1.79	0.32
	1.64	0.82	1.93	0.39
	1.95	0.46	2.67	0.42
	1.49	0.58	1.73	0.31
	1.71	0.96	1.62	0.32
	8.15	0.48	1.68	0.28
	3.69	14.28	6.87	2.40
	2.80	0.14	1.60	0.35
	2.62	0.27	2.13	0.38
	1.48	0.22	1.36	0.31
	2.84	0.25	1.49	0.32
	5.59	0.66	4.04	2.02
	7.22	0.80	4.59	2.96
	34.84	0.73	1.75	0.45
	7.04	0.16	1.69	0.33
	1.26	0.42	1.78	0.33
	1.02	0.27	1.33	0.26
	1.71	0.36	1.69	0.31
	2.39	0.47	1.45	0.34
	14.03	0.93	2.25	1.06
	6.96	0.45	1.79	0.35
	2.68	0.74	1.88	0.33
	1.90	0.52	1.92	0.33
	1.33	0.30	1.52	0.32
	2.91	0.74	2.17	0.39
	2.05	0.63	2.82	0.46
	2.95	0.42	1.44	0.35
	1.14	0.77	1.73	0.31
	1.78	0.32	1.52	0.24
	1.29	0.35	1.85	0.33
	1.80	0.46	1.77	0.33
	1.23	0.48	1.56	0.30
	1.35	0.34	1.55	0.31
	1.36	0.39	1.84	0.72
	1.16	0.51	1.70	0.88
	2.17	0.32	1.70	0.35
	6.81	0.49	1.99	0.38
	5.25	16.36	8.11	4.88
	5.03	0.16	2.45	0.45
	3.02	0.00	0.00	0.00
	1.09	0.29	3.31	0.44
	2.22	0.14	1.61	2.74
	3.42	0.66	2.16	0.35
	2.71	1.39	3.73	0.50
	19.75	0.81	2.21	0.74
	5.23	0.23	4.48	0.47
	1.19	0.32	2.13	0.39
	1.16	0.31	1.76	0.35
	1.33	0.63	4.48	0.89
	1.86	0.70	1.99	0.65
	1.65	0.52	1.83	0.44
	16.00	0.41	2.43	0.78
	1.78	0.31	2.45	3.32
	2.22	0.42	2.22	0.31
	1.39	0.69	2.06	0.78
	1.34	0.46	2.35	0.96
	1.94	0.59	2.38	0.33
	1.49	0.49	2.20	0.76
	2.74	0.50	2.13	0.58
	1.58	0.55	2.19	0.28
	1.64	0.63	2.41	1.04
	2.33	0.62	4.38	0.41
	4.49	0.68	2.60	0.37
	6.64	0.38	1.63	0.33
	9.16	18.32	8.79	3.47
	12.92	0.17	1.73	0.38
	2.93	0.42	2.76	0.40
	2.26	0.24	1.81	0.43
	2.98	0.38	2.21	0.33
	5.15	0.37	2.84	0.36
	4.59	0.58	2.22	0.85
	30.30	0.87	1.87	0.42
	4.30	0.14	1.90	0.41
	0.93	0.14	1.54	0.38
	1.00	0.12	1.57	0.38
	3.77	0.20	2.15	0.45
	1.19	0.18	1.85	0.43
	11.38	0.16	1.95	0.43
	8.43	0.22	1.71	1.62
	0.85	0.48	1.94	0.46
	1.07	0.35	1.65	0.36
	1.30	0.49	2.03	0.38
	0.99	0.51	2.02	0.40
	1.30	0.46	1.84	0.38
	1.58	0.46	2.40	0.49
	1.52	0.68	2.38	0.45
	1.25	0.59	2.30	0.63
	1.99	0.61	2.78	0.48
	1.73	0.71	2.12	0.44
	1.93	0.54	3.02	0.52
	5.85	0.78	2.81	0.48
	4.48	12.81	6.41	2.83
	2.84	0.26	1.53	0.29
	2.38	0.28	2.04	0.37
	1.75	0.25	1.46	0.26
	3.24	0.38	1.52	0.28
	2.60	0.41	1.95	0.27
	3.89	0.31	1.56	0.29
	3.69	0.35	1.67	0.34
	2.40	0.28	1.71	0.28
	1.97	0.28	1.52	0.30
	0.86	0.56	1.40	0.25
	1.31	0.36	1.64	0.29
	3.44	0.35	1.67	0.26
	1.08	0.31	1.96	0.46
	1.77	0.68	2.46	0.48
	2.40	0.38	2.13	0.30
	2.51	0.51	1.91	0.33
	1.50	0.26	1.75	1.09
	4.69	0.42	1.52	0.29
	1.95	0.50	2.05	0.32
	2.49	0.53	2.19	0.30
	2.80	0.52	2.07	0.31
	1.94	0.50	2.03	0.34
	2.83	0.41	1.83	0.29
	1.78	0.64	2.17	0.48
	2.35	0.51	2.25	0.32
	3.11	0.35	2.01	0.58
	8.72	0.58	3.59	1.06
	3.53	12.34	6.79	2.88
	1.86	0.14	1.68	0.30
	2.46	0.71	2.23	0.34
	2.08	0.23	1.49	0.27
	2.72	0.58	1.43	0.33
	4.48	0.76	3.18	1.97
	5.32	0.51	9.54	7.20
	14.32	5.07	2.25	0.48
	6.77	0.29	2.22	1.05
	2.16	0.30	1.57	0.28
	1.47	0.22	1.36	0.24
	1.21	0.25	1.24	0.22
	3.70	0.25	1.49	0.33
	1.93	0.42	1.82	0.32
	1.76	0.37	1.85	0.32
	2.46	0.61	2.22	0.33
	1.95	0.42	1.85	0.59
	1.96	0.42	1.89	0.58
	2.63	0.49	1.97	0.33
	2.77	0.60	2.24	0.33
	2.76	0.37	3.19	0.38
	1.95	0.40	1.82	0.32
	2.68	0.43	1.74	0.30
	1.82	0.41	1.95	0.47
	3.00	0.46	1.97	0.31
	2.51	0.61	2.18	0.30
	2.49	0.39	2.09	0.66
	2.72	0.35	3.40	0.36
	3.06	0.60	2.18	0.30
	6.01	0.44	1.64	0.42
	36.08	0.97	2.69	0.36
	4.33	14.09	7.27	2.90
	3.61	0.20	3.14	0.45
	4.64	0.44	2.57	0.47
	2.85	0.32	2.27	0.39
	6.03	0.61	4.05	2.05
	6.93	1.24	3.62	0.76
	8.01	0.55	7.37	3.09
	33.30	0.47	2.13	0.37
	2.68	0.16	1.42	1.91
	1.45	0.41	1.49	0.33
	1.33	0.27	1.28	0.27
	2.20	0.51	1.10	0.28
	2.23	0.39	1.32	0.36
	2.58	0.32	1.28	0.28
	2.85	0.69	1.98	0.41
	2.78	0.57	1.64	0.32
	2.84	0.67	1.74	0.62
	2.07	0.53	2.12	0.72
	1.19	0.23	0.95	0.40
	1.45	0.24	0.74	0.38
	1.93	0.14	0.78	0.38
	1.89	0.14	0.88	0.49
	1.61	0.14	0.77	0.42
	0.91	0.12	0.83	0.37
	1.33	0.20	1.01	0.52
	1.76	0.44	0.97	0.55
	1.53	0.28	0.99	0.55
	3.47	0.17	1.11	0.50
	3.22	0.26	0.92	0.40
	1.17	0.17	3.18	0.75
	0.99	0.14	27.52	0.71
	6.46	0.83	1.13	2.55
	23.38	0.23	0.85	0.37
	3.77	11.24	10.24	0.73
	1.22	0.35	1.02	0.74
	1.37	0.28	1.25	0.59
	1.44	1.07	1.16	0.44
	1.90	0.43	1.19	0.46
	2.06	0.24	1.16	0.49
	1.49	0.24	1.64	0.36
	1.73	0.36	1.36	7.41
	1.07	0.32	1.37	0.38
	1.08	0.21	1.15	0.83
	2.19	0.20	0.85	0.35
	1.24	0.26	1.10	0.35
	1.31	0.25	1.81	0.37
	1.14	0.22	1.83	0.35
	1.44	0.32	1.06	0.33
	1.66	0.26	1.08	0.34
	1.63	0.29	1.14	0.37
	1.86	0.29	1.00	0.36
	1.78	0.32	1.07	0.38
	1.62	0.25	1.12	0.35
	1.67	0.44	1.02	0.35
	1.64	0.40	1.07	0.38
	1.51	0.39	1.06	0.44
	1.71	0.33	1.15	0.35
	1.44	0.45	1.12	0.34
	1.52	0.42	1.32	0.36
	1.46	0.41	1.32	1.95
	2.91	0.45	1.79	0.86
	7.06	1.25	2.86	0.82
	10.61	3.77	6.66	4.65
	0.99	0.21	1.06	0.58
	1.63	0.06	0.83	0.35
	1.87	0.06	1.15	0.43
	2.35	0.06	0.93	0.40
	1.20	0.09	2.19	0.55
	1.37	0.07	0.79	0.75
	0.90	0.15	0.95	0.42
	1.22	0.07	0.86	0.40
	1.14	0.06	0.86	0.87
	0.83	0.06	0.96	0.36
	0.88	0.07	1.04	0.50
	1.04	0.15	0.93	0.64
	1.05	0.18	0.85	0.44
	1.05	0.12	0.84	0.46
	1.04	0.07	0.94	0.55
	0.95	0.07	0.96	0.51
	0.90	0.07	0.93	0.49
	1.28	0.07	0.86	0.53
	1.05	0.06	0.88	0.56
	0.87	0.07	0.89	0.47
	0.80	0.05	0.82	0.41
	0.99	0.22	0.85	0.51
	1.35	0.17	1.09	0.74
	1.65	0.08	1.03	0.56
	3.25	0.11	1.31	0.78
	7.95	0.15	9.79	3.65
	2.52	0.11	1.00	0.39
	2.34	0.22	1.10	0.54
	7.77	0.20	0.92	0.37
	2.35	0.52	0.95	1.91
	6.96	0.21	0.98	0.39
	3.28	0.93	1.51	0.32
	7.16	0.31	1.28	0.44
	3.36	0.43	1.33	0.34
	1.58	0.42	0.83	0.31
	1.35	0.20	0.92	0.29
	1.81	0.45	0.86	0.31
	5.17	0.64	2.95	0.85
	2.67	0.20	0.80	0.35
	1.34	0.39	1.39	0.31
	1.60	0.24	0.87	0.24
	5.41	3.29	0.99	0.43
	2.05	0.31	1.56	0.57
	1.97	0.31	1.25	0.90
	1.92	0.35	1.07	1.25
	2.05	0.39	1.91	0.45
	1.53	0.28	1.06	1.44
	2.24	0.43	1.49	0.41
	1.61	0.39	1.42	0.84
	2.08	0.40	1.63	0.40
	1.94	0.42	1.45	1.56
	1.73	0.38	1.19	1.19
	5.43	1.11	2.01	0.62
	3.80	17.31	10.71	3.33
	6.76	0.27	2.62	0.72
	7.79	0.40	2.10	0.75
	4.20	0.37	1.95	0.61
	5.82	0.48	2.53	0.87
	4.83	0.53	2.67	1.09
	7.63	0.54	2.72	1.07
	5.74	0.33	1.43	0.42
	1.61	0.37	1.05	0.32
	2.73	0.31	0.74	0.26
	1.33	0.20	0.82	0.26
	1.36	0.30	0.77	0.25
	3.61	0.23	0.96	0.30
	2.37	0.45	1.43	0.32
	2.24	0.30	1.34	0.45
	3.12	0.29	1.20	0.30
	2.05	0.28	0.98	0.79
	1.65	0.31	1.00	1.07
	2.76	0.65	1.42	0.31
	1.68	0.33	1.24	1.08
	2.05	0.37	1.39	0.55
	2.73	0.40	1.19	0.33
	1.78	0.35	1.21	1.03
	1.80	0.23	1.03	1.09
	3.23	0.65	1.49	0.46
	3.25	0.42	1.55	0.35
	10.16	0.70	5.06	0.77
	3.77	19.19	5.47	2.83
	6.24	0.22	0.96	0.30
	2.69	0.20	1.27	0.55
	1.61	0.18	1.02	0.34
	2.44	0.20	0.83	0.29
	2.56	0.39	1.11	0.42
	5.75	0.22	1.18	0.60
	2.11	0.36	3.28	1.05
	2.10	0.29	1.38	0.35
	1.31	0.18	0.97	0.30
	1.32	0.16	0.86	0.31
	1.71	0.23	1.04	0.30
	3.53	0.33	0.83	0.33
	1.66	0.30	1.14	0.34
	1.27	0.54	1.09	0.31
	1.21	0.22	1.04	0.31
	1.92	0.25	1.27	0.73
	2.60	0.37	1.43	0.32
	1.91	0.24	1.54	0.49
	2.28	0.42	1.41	0.40
	1.75	0.30	1.01	1.15
	2.14	0.44	1.87	0.41
	2.73	0.69	1.59	0.30
	3.64	0.36	1.11	0.38
	1.51	0.34	1.36	0.49
	1.64	0.25	1.16	0.34
	3.23	0.19	0.77	0.34
	4.67	17.28	6.12	2.58
	7.12	0.06	0.97	0.35
	1.73	0.18	0.84	0.38
	1.39	0.07	0.87	0.37
	1.93	0.07	0.90	0.44
	1.87	0.08	1.14	2.09
	2.11	0.08	1.00	0.57
	1.71	0.16	1.37	0.85
	1.18	0.09	0.98	0.67
	1.25	0.08	0.89	0.44
	1.65	0.07	0.82	0.41
	1.85	0.07	0.88	0.84
	0.76	0.52	1.10	0.42
	0.74	0.12	0.72	0.39
	1.08	0.16	0.85	0.55
	0.80	0.12	0.72	0.42
	0.89	0.20	0.72	0.49
	1.80	0.06	0.82	0.68
	1.51	0.10	1.03	0.60
	2.62	0.08	0.90	0.59
	1.54	0.09	0.93	1.18
	1.25	0.09	0.88	0.49
	1.13	0.06	0.89	0.48
	1.14	0.09	0.88	0.50
	1.69	0.12	1.04	0.55
	2.83	0.06	0.98	1.34
	4.10	7.69	6.53	2.59
	2.43	0.05	0.99	0.31
	2.05	0.22	0.98	0.89
	1.86	0.16	0.72	0.25
	2.92	0.22	0.80	0.26
	2.80	0.18	0.77	0.27
	2.45	0.17	0.77	0.49
	4.19	0.73	1.58	0.41
	1.74	0.19	0.86	0.37
	1.31	0.38	0.77	0.30
	1.69	0.23	0.72	0.28
	1.19	0.18	0.81	0.28
	1.37	0.24	0.76	0.27
	1.56	0.23	0.77	0.30
	1.51	0.31	0.73	0.32
	2.42	0.33	1.34	0.38
	1.70	0.30	1.06	1.03
	2.65	0.30	1.37	0.32
	1.89	0.24	1.06	1.09
	3.34	0.34	1.19	0.33
	2.04	0.25	1.17	0.99
	2.70	0.31	1.29	0.33
	2.82	0.26	1.16	0.32
	1.91	0.27	1.17	0.92
	2.46	0.23	1.10	0.51
	2.28	0.36	1.54	0.35
	2.68	0.26	1.33	1.29
	1.75	0.30	1.15	2.41
	4.91	0.28	1.11	0.44
	5.55	6.71	6.36	2.72
	2.77	0.09	1.17	0.40
	2.29	0.24	1.18	2.81
	1.77	0.19	1.76	0.26
	2.10	0.58	1.05	0.39
	2.58	0.23	0.97	0.26
	2.50	0.28	1.03	0.36
	1.89	0.31	1.56	0.39
	1.83	0.37	1.37	0.44
	1.24	0.53	1.12	0.38
	1.10	0.38	1.09	0.38
	0.98	0.36	1.12	0.36
	2.19	0.80	3.50	1.25
	4.41	0.49	1.15	0.55
	3.28	0.41	0.98	0.54
	2.94	0.40	0.81	0.52
	2.80	0.47	1.28	0.32
	1.79	0.38	1.46	0.59
	1.49	0.29	1.01	1.39
	1.86	0.34	1.46	0.68
	3.51	0.33	1.15	0.34
	3.27	0.32	1.10	0.33
	2.68	0.31	1.49	0.35
	2.86	0.31	1.18	0.33
	3.66	0.40	0.90	0.35
	3.28	0.47	1.41	0.37
	8.14	0.52	1.49	0.47
	6.52	14.81	7.00	2.95
	7.10	0.08	1.23	0.37
	3.15	0.28	1.37	0.38
	2.56	0.31	1.21	0.44
	4.09	0.30	1.21	0.42
	5.51	0.53	2.22	0.79
	5.98	0.52	2.17	0.82
	10.30	0.30	1.23	0.38
	4.64	0.24	0.89	1.89
	1.51	0.23	0.92	0.34
	1.38	0.21	0.82	0.28
	1.59	0.33	1.14	0.35
	1.95	0.24	0.92	0.27
	1.43	0.25	1.10	0.26
	3.52	0.22	0.88	0.27
	12.53	0.25	2.78	0.65
	8.75	0.30	0.75	0.29
	1.66	0.35	0.86	0.28
	1.78	0.20	0.89	0.29
	2.14	0.26	1.38	0.65
	1.46	0.28	0.86	1.49
	3.37	0.37	1.06	0.28
	1.81	0.35	1.81	0.46
	3.30	0.46	1.34	0.39
	3.65	0.32	0.99	0.32
	2.11	0.28	1.63	0.41
	1.73	0.22	1.09	0.97
	2.03	0.23	1.07	0.61
	5.02	0.22	2.03	0.48
	3.95	7.69	5.64	2.94
	3.13	0.14	1.03	0.34
	2.04	0.27	1.41	0.69
	1.73	0.21	0.80	0.30
	6.37	0.50	2.32	0.90
	7.53	0.52	2.21	0.90
	10.58	0.52	2.43	3.32
	12.09	0.22	0.82	0.35
	2.66	0.19	0.86	0.31
	1.37	0.18	0.77	0.28
	1.39	0.19	0.73	0.31
	0.82	0.17	0.78	0.30
	1.68	0.37	1.72	0.27
	1.65	0.33	1.15	0.34
	1.53	0.24	1.36	0.34
	2.27	0.36	1.45	0.35
	1.45	0.38	0.96	1.30
	1.53	0.35	1.54	0.96
	2.13	0.32	1.24	0.54
	2.37	0.32	1.35	0.32
	1.47	0.26	1.38	1.12
	2.07	0.26	1.35	0.68
	1.62	0.32	1.03	1.08
	1.35	0.21	1.00	1.52
	1.74	0.30	1.14	1.07
	1.83	0.34	1.34	0.79
	3.05	0.58	1.53	0.68
	3.25	0.44	1.84	0.64
	2.98	0.33	1.58	0.84
	3.80	0.27	0.93	0.38
	1.87	0.30	1.49	1.02
	1.27	0.27	1.04	0.98
	1.90	0.28	0.83	0.65
	16.00	17.55	8.63	4.47
	22.06	0.23	8.54	2.30
	2.33	0.08	1.40	0.49
	2.17	0.22	1.15	0.37
	2.52	0.23	1.39	0.47
	10.27	0.53	2.39	0.92
	5.21	0.56	2.55	1.26
	5.26	0.10	1.80	1.91
	0.79	0.07	1.08	0.52
	0.73	0.07	0.82	0.33
	0.67	0.05	0.74	0.30
	0.69	0.06	0.76	0.31
	1.33	0.09	1.25	0.65
	1.13	0.07	1.11	0.51
	0.93	0.08	0.87	0.43
	0.63	0.05	0.78	0.42
	0.61	0.05	0.68	0.43
	0.98	0.07	0.80	0.39
	0.85	0.06	0.74	0.42
	0.88	0.06	0.73	0.41
	0.97	0.07	0.82	0.45
	0.97	0.07	0.79	0.48
	0.98	0.07	0.76	0.47
	1.18	0.10	0.92	0.54
	0.99	0.06	0.77	0.45
	0.91	0.06	1.34	0.50
	1.22	0.11	0.98	0.48
	1.50	0.12	1.00	0.60
	0.99	0.06	0.76	0.84
	1.62	0.14	0.97	0.52
	1.17	0.08	0.75	0.44
	1.01	0.08	0.75	0.46
	1.92	0.14	1.30	0.69
	1.75	0.06	0.89	0.58
	13.71	20.53	7.66	3.79
	23.64	0.10	1.54	0.69
	3.29	0.45	1.53	0.74
	5.45	0.30	1.56	0.52
	3.98	0.29	1.31	0.52
	6.22	0.46	2.37	0.78
	5.47	0.49	2.54	1.19
	5.59	1.95	1.14	0.71
	2.23	1.87	1.18	0.28
	2.44	0.21	0.71	0.26
	2.19	0.23	0.80	0.28
	1.08	0.25	0.85	0.32
	1.27	0.27	0.97	0.29
	1.49	0.25	0.91	0.28
	1.30	0.24	0.91	0.29
	1.49	0.24	1.02	1.45
	1.82	0.30	1.16	0.92
	1.59	0.35	1.13	1.09
	2.06	0.35	1.30	0.65
	1.92	0.29	1.14	1.00
	2.05	0.33	2.04	0.30
	1.66	0.36	1.03	1.14
	1.62	0.33	1.15	1.02
	1.52	0.32	1.44	0.85
	2.01	0.31	1.41	0.62
	2.06	0.34	1.28	0.56
	4.28	0.33	0.96	0.30
	3.35	0.28	7.52	3.34
	3.28	0.10	1.52	0.78
	2.79	0.08	0.98	0.46
	2.16	0.08	0.94	0.44
	2.97	0.07	1.01	0.47
	2.37	0.10	1.06	0.56
	3.62	0.08	1.02	0.60
	1.41	0.20	1.30	0.81
	2.22	0.06	1.06	0.38
	1.33	0.06	0.78	0.35
	1.39	0.05	0.76	0.35
	1.43	0.06	0.84	0.64
	2.26	0.08	0.94	0.57
	0.97	0.07	0.73	0.49
	1.10	0.08	0.86	0.52
	0.89	0.06	0.68	0.46
	0.94	0.08	0.73	0.47
	1.00	0.07	0.78	0.83
	2.70	0.12	1.21	0.60
	1.45	0.09	0.88	0.52
	1.19	0.08	0.87	0.56
	1.39	0.11	0.98	0.55
	1.27	0.07	0.86	0.53
	1.08	0.07	0.84	0.57
	3.10	0.12	1.09	0.61
	8.04	0.20	4.52	1.32
	4.46	13.42	4.66	1.98
	3.02	0.07	1.06	0.46
	2.32	0.22	1.04	0.49
	1.67	0.17	0.76	0.28
	2.65	0.39	0.82	0.29
	2.67	0.45	0.94	0.27
	2.92	0.17	1.60	0.36
	0.77	0.38	0.85	0.34
	0.79	0.06	0.83	0.36
	0.69	0.07	0.86	0.35
	1.04	0.05	0.79	0.46
	0.71	0.07	0.86	0.42
	1.14	0.08	0.85	0.41
	1.49	0.09	0.92	0.54
	1.18	0.07	0.79	0.48
	1.05	0.07	0.77	0.42
	1.11	0.08	0.78	0.45
	1.37	0.08	0.86	0.47
	1.72	0.09	1.11	0.82
	1.27	0.08	0.82	0.54
	1.64	0.09	0.97	0.59
	1.14	0.08	0.79	0.49
	1.00	0.06	0.78	0.50
	1.26	0.08	0.88	0.53
	1.64	0.11	1.01	0.71
	1.22	0.10	0.88	0.52
	3.48	0.13	1.37	0.73
	4.04	18.54	6.58	4.25
	8.06	0.92	1.18	0.39
	1.48	0.07	0.80	0.37
	1.74	0.06	1.41	0.67
	3.24	0.08	1.01	0.46
	1.54	0.07	0.80	0.40
	1.03	0.16	1.06	0.39
	0.96	0.08	0.82	0.42
	0.65	0.06	0.82	0.33
	0.64	0.06	0.87	0.35
	1.08	0.08	1.02	0.54
	1.13	0.08	0.87	0.46
	1.81	0.08	0.89	1.06
	1.21	0.08	0.85	0.50
	1.08	0.06	0.82	0.48
	1.23	0.07	0.84	0.46
	1.45	0.25	0.95	0.62
	1.43	0.11	1.20	0.72
	1.28	0.11	1.33	0.89
	1.13	0.09	1.18	0.56
	0.77	0.06	0.88	0.49
	0.72	0.04	0.83	0.48
	1.09	0.07	0.99	0.59
	1.24	0.20	1.04	0.59
	3.77	0.16	1.31	0.88
	6.30	13.86	9.89	0.58
	5.48	0.08	0.97	5.85
	5.56	0.19	0.87	0.40
	1.82	0.20	0.84	0.33
	3.44	0.23	0.89	0.37
	3.87	0.23	0.99	0.39
	3.18	0.22	0.83	0.33
	1.19	0.47	0.99	0.33
	1.67	0.40	1.25	0.35
	1.32	0.22	0.92	0.33
	2.01	0.18	0.84	0.32
	1.37	0.20	0.84	0.31
	2.89	0.37	1.74	0.59
	4.33	0.31	1.34	0.60
	2.83	0.64	2.43	0.87
	3.39	0.87	2.40	0.96
	4.75	0.68	3.04	1.26
	3.47	0.72	3.14	1.22
	3.46	3.25	1.33	0.67
	7.39	0.39	1.27	4.12
	2.28	1.32	1.93	0.36
	2.00	0.29	1.29	0.81
	1.93	1.03	1.29	0.30
	1.60	0.39	1.14	1.23
	1.92	0.32	1.27	0.87
	4.34	0.22	0.92	0.35
	6.67	0.46	2.84	0.62
	3.64	13.90	10.95	2.66
	2.69	0.09	1.36	0.41
	7.17	0.20	0.88	0.48
	3.44	0.19	0.94	0.35
	4.37	0.19	0.90	0.37
	4.28	0.37	1.36	0.36
	4.46	0.21	0.86	0.34
	2.99	0.38	1.68	0.34
	1.27	0.49	1.33	0.44
	1.53	0.24	0.85	0.27
	1.36	0.21	0.92	0.31
	1.80	0.26	1.22	0.37
	1.64	0.22	1.15	0.32
	1.71	0.29	0.93	0.25
	2.51	0.41	2.12	0.64
	2.24	0.36	1.25	0.66
	1.60	0.30	0.93	1.27
	1.94	0.22	1.35	0.72
	2.07	0.29	1.25	0.73
	3.84	0.47	0.95	0.53
	2.64	0.31	1.48	0.35
	2.42	0.40	1.24	0.63
	1.61	0.32	0.96	1.37
	2.09	0.24	1.10	1.00
	1.87	0.33	1.21	0.97
	2.34	0.45	1.39	0.48
	1.55	0.32	0.99	2.16
	1.91	0.34	1.46	2.81
	8.53	0.33	1.04	0.37
	3.81	7.69	6.28	3.09
	3.32	0.06	1.11	0.40
	2.15	0.24	0.96	0.91
	1.96	0.20	0.82	0.29
	2.62	0.28	1.04	0.97
	2.40	0.28	1.08	0.28
	7.60	1.04	2.88	1.14
	12.48	0.20	0.93	0.38
	1.99	0.42	1.34	0.43
	1.20	0.22	0.89	0.30
	1.16	0.20	0.81	0.31
	1.16	0.21	0.76	0.30
	2.26	0.33	1.40	0.36
	1.81	0.28	1.15	0.32
	2.28	0.43	1.67	0.44
	1.67	0.25	1.37	0.64
	1.30	0.26	1.07	1.25
	1.79	0.27	1.26	1.38
	1.70	0.32	1.18	0.92
	2.50	0.41	1.41	0.35
	1.86	0.26	1.14	1.04
	2.16	0.33	1.31	0.64
	1.75	0.29	1.08	1.15
	1.66	0.34	1.21	0.91
	1.48	0.34	0.97	1.30
	1.92	0.46	1.41	0.59
	1.79	0.30	1.11	2.37
	1.45	0.26	1.04	3.13
	5.02	0.47	1.78	0.47
	4.08	8.80	5.70	2.89
	3.48	0.06	1.02	0.41
	2.32	0.24	0.96	0.56
	1.68	0.36	0.85	0.32
	2.91	0.30	0.95	0.47
	4.39	0.43	1.86	0.73
	8.24	0.44	2.06	1.20
	8.04	0.25	1.12	0.43
	2.64	0.33	0.92	0.26
	1.74	0.34	1.02	0.27
	1.06	0.40	0.88	0.29
	0.96	0.33	0.83	0.29
	0.98	0.34	0.91	0.31
	2.23	0.38	1.39	0.47
	2.04	0.27	1.34	0.74
	2.11	0.37	1.33	0.57
	2.18	0.34	1.38	0.38
	1.64	0.30	0.98	1.31
	1.94	0.41	1.57	0.50
	2.07	0.24	1.40	0.58
	1.56	0.31	0.94	1.41
	1.99	0.28	1.25	0.82
	1.84	0.29	1.19	0.92
	1.70	0.29	1.15	1.03
	1.52	0.51	1.03	1.08
	2.05	0.48	1.50	0.34
	1.32	0.20	0.83	1.12
	1.53	0.33	1.11	2.36
	2.18	0.36	1.40	1.38
	4.82	0.44	1.28	0.53
	4.15	8.32	6.02	1.96
	4.81	0.09	1.51	0.59
	2.18	0.32	1.10	0.43
	2.19	0.23	0.94	0.34
	5.87	0.46	1.96	0.79
	5.28	0.47	1.95	0.71
	8.03	0.56	2.27	0.83
	10.09	0.39	1.11	0.30
	2.29	0.29	1.01	0.30
	1.14	0.18	0.78	0.24
	1.06	0.16	0.76	0.22
	1.14	0.15	0.90	0.33
	1.62	0.25	0.96	0.32
	1.55	0.27	1.01	0.31
	1.56	0.42	1.41	0.35
	2.15	0.44	1.36	0.36
	1.48	0.27	0.85	1.45
	1.31	0.31	1.21	1.22
	1.89	0.28	1.27	0.63
	2.13	0.31	1.34	0.58
	1.59	0.37	1.08	1.19
	2.21	0.38	1.32	0.48
	1.67	0.27	1.03	1.19
	1.59	0.40	1.16	0.98
	1.92	0.26	1.29	0.72
	1.92	0.38	1.43	0.62
	1.49	0.36	1.11	2.06
	1.73	0.33	1.21	2.31
	1.92	0.26	1.40	1.62
	4.42	0.44	1.07	0.39
	3.38	13.40	5.88	2.55
	2.61	0.08	1.07	0.31
	2.19	0.21	0.91	0.44
	1.63	0.21	0.84	0.30
	1.95	0.31	1.11	0.37
	4.80	0.29	1.94	0.39
	4.05	0.25	1.25	0.31
	7.34	0.56	1.11	0.35
	1.22	0.28	1.19	0.32
	0.80	0.23	0.92	0.27
	1.12	0.22	0.99	0.29
	0.84	0.20	0.97	0.29
	1.26	0.22	1.01	0.28
	1.24	0.27	1.05	0.29
	1.17	0.30	1.13	0.32
	1.97	0.46	1.61	0.57
	1.93	0.33	1.33	0.66
	1.49	0.32	1.06	1.37
	1.45	0.34	1.01	1.24
	1.59	0.31	1.30	1.05
	1.99	0.25	1.43	0.69
	2.04	0.36	1.38	0.52
	1.39	0.27	1.03	1.36
	1.78	0.27	1.43	0.64
	1.34	0.37	1.03	1.16
	2.69	0.32	1.54	0.32
	1.84	0.25	1.42	1.82
	1.51	0.27	1.10	1.96
	6.08	0.38	1.34	0.46
	4.75	13.74	6.05	2.68
	3.60	0.10	0.84	0.32
	2.66	0.22	1.10	0.44
	1.82	0.17	0.76	0.26
	3.27	0.17	0.75	0.26
	6.01	0.42	2.18	0.71
	5.77	0.42	2.09	6.68
	7.16	0.57	1.30	0.34
	1.98	0.22	1.37	0.31
	1.39	0.17	0.81	0.28
	1.57	0.28	0.95	0.27
	1.59	0.21	1.13	0.28
	1.65	0.24	1.08	0.29
	1.65	0.22	1.10	0.28
	2.36	0.44	1.51	0.36
	2.25	0.35	1.39	0.32
	2.01	0.27	1.19	0.61
	4.30	0.18	0.81	0.31
	1.70	0.38	1.59	0.36
	1.62	0.89	0.95	0.28
	1.77	2.54	0.83	0.30
	1.39	0.30	0.77	0.29
	1.71	0.24	0.81	0.28
	1.16	0.23	0.81	0.36
	1.07	0.27	0.87	0.34
	1.02	0.30	0.94	0.34
	1.08	0.29	0.97	0.73
	2.05	0.19	0.98	0.33
	0.88	0.32	0.86	1.15
	2.57	0.29	0.77	0.30
	15.16	1.05	10.32	3.67
	2.82	0.16	1.57	0.82
	3.29	0.12	1.44	0.79
	2.58	0.09	1.38	0.74
	5.93	0.29	4.90	2.77
	5.76	0.28	3.03	1.89
	6.24	0.15	1.76	1.22
	9.72	0.12	1.44	0.82
	4.42	0.10	1.04	0.57
	1.58	0.08	0.84	0.63
	1.00	0.07	0.80	0.44
	1.36	0.08	1.01	0.41
	1.10	0.08	0.88	0.51
	1.08	0.08	0.87	0.52
	1.67	0.15	0.92	0.59
	1.02	0.06	0.72	0.49
	1.06	0.07	0.79	0.57
	0.99	0.07	0.77	0.49
	2.01	0.09	1.04	0.66
	1.74	0.07	1.23	1.78
	2.28	0.10	1.12	0.72
	1.11	0.08	0.76	0.49
	1.32	0.08	0.83	0.51
	1.09	0.09	1.00	0.56
	1.62	0.09	1.01	0.62
	1.25	0.11	0.84	0.47
	1.46	0.10	1.05	0.57
	5.26	0.14	1.80	0.84
	2.65	3.70	5.83	2.65
	2.31	0.09	1.01	0.99
	1.70	0.07	0.88	0.48
	2.02	0.07	0.92	0.48
	2.14	0.07	0.97	0.54
	1.62	0.07	0.88	0.47
	2.66	0.08	1.37	0.47
	2.39	0.12	1.34	0.88
	1.67	0.07	0.83	0.37
	0.63	0.05	0.82	0.34
	0.69	0.07	0.89	0.38
	0.95	0.06	0.78	0.48
	2.04	0.07	0.93	0.47
	0.77	0.07	0.89	0.56
	1.42	0.09	0.94	0.57
	1.20	0.10	0.84	0.51
	1.29	0.08	0.74	0.47
	0.84	0.06	0.69	0.41
	2.76	0.06	0.89	0.55
	1.91	0.06	0.84	0.50
	1.43	0.09	0.84	0.52
	1.61	0.08	0.97	0.69
	2.12	0.09	1.02	0.65
	1.53	0.12	1.56	0.58
	1.38	0.09	0.88	0.62
	1.93	0.11	1.02	0.55
	1.45	0.07	0.87	0.51
	2.90	0.11	1.33	0.69
	3.69	7.39	6.41	2.94
	2.60	0.06	1.12	0.38
	5.67	0.38	1.18	0.42
	2.04	0.16	0.73	0.25
	2.05	0.19	1.08	0.71
	2.07	0.21	0.84	0.24
	4.46	0.33	1.68	0.77
	6.04	0.36	0.97	0.35
	1.36	0.28	1.68	0.69
	0.96	0.34	0.90	0.40
	1.16	0.21	0.81	0.32
	1.12	0.17	0.83	0.29
	1.95	0.27	0.95	0.31
	1.75	0.29	1.00	0.32
	1.67	0.28	0.94	0.34
	2.78	0.41	1.28	0.33
	1.56	0.30	0.93	1.28
	1.73	0.26	1.03	1.13
	2.60	0.37	1.38	0.33
	2.25	0.41	1.34	0.51
	1.64	0.32	0.93	1.29
	2.65	0.63	1.26	0.33
	1.69	0.28	0.99	1.12
	1.38	0.34	0.96	1.36
	2.10	0.52	1.24	0.44
	1.85	0.27	1.05	0.29
	6.30	0.25	1.44	0.87
	4.61	7.92	5.78	2.88
	2.83	0.07	1.11	0.33
	3.55	0.26	1.24	0.38
	1.85	0.21	0.84	0.28
	2.42	0.24	1.09	1.19
	3.26	0.34	0.92	0.26
	6.19	0.22	1.45	0.49
	4.86	0.40	1.05	0.32
	2.35	0.21	1.15	0.43
	0.98	0.33	0.80	0.27
	0.85	0.18	0.79	0.27
	1.65	0.19	0.76	0.27
	4.15	0.26	1.26	0.33
	2.25	0.35	1.40	0.34
	3.68	0.30	0.95	0.30
	1.72	0.31	1.06	0.96
	1.59	0.31	1.07	1.17
	1.78	0.26	1.37	0.67
	3.79	0.41	0.86	0.35
	1.56	0.31	1.12	1.06
	1.93	0.32	1.55	0.84
	2.04	0.32	1.33	0.64
	1.61	0.30	1.05	1.25
	1.81	0.30	1.45	0.66
	4.52	0.26	0.92	0.34
	1.61	0.54	1.28	0.85
	1.94	0.34	1.38	1.43
	1.53	0.27	1.23	1.83
	4.75	0.33	1.66	0.72
	3.44	11.77	6.10	3.40
	3.57	0.07	1.52	0.53
	2.73	0.22	0.94	0.76
	1.93	0.19	0.81	0.28
	2.45	0.19	0.88	0.30
	4.11	0.24	1.07	0.32
	6.17	0.22	1.12	0.75
	5.23	0.51	1.04	0.41
	3.48	0.21	0.84	0.32
	10.36	0.89	0.78	0.30
	0.99	1.14	0.74	0.26
	2.05	0.19	0.75	0.32
	1.65	0.18	0.70	0.25
	1.36	0.23	1.28	0.58
	2.61	0.19	0.67	0.26
	1.31	0.18	1.00	0.25
	1.43	0.28	1.05	0.23
	1.70	0.19	1.11	0.24
	2.87	0.18	0.70	0.25
	2.00	0.24	1.22	0.75
	2.89	0.29	1.17	0.46
	2.15	0.36	1.34	0.43
	1.73	0.28	1.18	0.95
	2.82	0.30	1.20	0.30
	4.48	0.18	0.95	0.31
	1.60	0.28	1.16	0.96
	2.82	0.28	1.32	0.83
	1.58	0.50	1.18	2.37
	4.97	0.32	1.24	0.51
	4.37	13.76	11.57	2.98
	9.02	0.10	3.37	1.14
	4.57	0.12	1.43	0.61
	1.41	0.25	1.01	0.36
	1.47	0.18	0.88	0.34
	1.42	0.22	1.02	1.07
	1.54	0.30	2.18	0.44
	2.74	1.22	2.46	0.59
	1.19	0.24	0.97	0.35
	1.25	0.25	1.47	0.29
	1.10	0.27	0.82	0.30
	1.06	0.29	0.84	0.30
	1.93	0.40	1.33	0.48
	2.37	0.43	1.57	0.32
	2.27	0.40	1.88	0.39
	1.66	0.37	1.59	0.72
	1.40	0.42	1.10	1.22
	2.11	0.36	1.58	0.46
	1.58	0.33	1.50	1.03
	2.15	0.35	1.72	0.35
	1.41	0.33	1.34	1.49
	2.13	0.31	1.55	0.52
	2.06	0.23	1.72	1.24
	2.81	0.30	1.14	0.40
	2.48	0.77	4.27	0.90
	3.82	1.40	1.09	0.61
	6.55	8.55	9.16	1.91
	2.38	0.25	2.76	0.86
	6.18	1.14	2.60	1.55
	2.90	0.66	2.61	1.08
	5.83	0.71	2.61	1.73
	4.71	0.97	2.43	1.79
	5.45	0.88	2.49	1.18
	18.25	0.27	1.27	1.36
	2.49	0.13	1.31	2.16
	0.91	0.23	1.29	0.34
	1.44	0.26	0.92	0.38
	2.44	0.23	0.95	0.37
	2.02	0.37	1.41	0.59
	2.19	0.33	0.99	0.73
	5.72	0.25	0.82	0.38
	2.84	0.31	1.21	0.35
	4.26	0.75	2.29	1.09
	3.81	0.67	2.07	1.05
	2.53	0.85	2.23	1.08
	4.07	0.72	2.29	1.11
	3.83	0.68	2.07	1.05
	2.92	1.17	2.29	1.08
	3.79	0.97	2.22	1.10
	3.71	0.67	2.10	1.06
	2.51	0.72	2.95	1.07
	3.77	0.75	2.77	1.11
	4.01	1.00	2.12	1.07
	8.99	1.12	3.33	1.47
	3.70	13.61	7.11	2.79
	2.60	0.09	2.63	0.54
	2.46	0.06	0.86	0.39
	2.29	0.07	0.90	0.50
	2.64	0.06	1.02	0.56
	4.36	0.13	2.56	2.02
	3.83	0.21	2.27	1.14
	5.15	0.14	1.82	1.30
	2.16	0.07	7.60	1.20
	0.87	0.08	0.83	0.37
	0.68	0.06	0.77	0.37
	0.71	0.08	0.84	0.36
	0.82	0.13	0.92	0.47
	0.79	0.10	0.86	0.40
	0.83	0.14	0.82	0.46
	1.12	0.16	0.84	0.53
	1.15	0.11	0.95	0.54
	1.05	0.08	0.80	0.50
	1.16	0.09	0.87	0.55
	1.01	0.07	0.75	0.48
	1.28	0.10	0.96	0.54
	0.98	0.07	0.84	0.47
	0.84	0.15	0.80	0.47
	1.09	0.09	1.07	0.50
	1.42	0.12	1.04	0.51
	1.17	0.15	0.92	0.48
	2.85	0.13	4.73	0.64
	4.32	7.18	5.60	3.37
	2.83	0.06	0.91	0.31
	2.15	0.23	0.95	0.47
	1.83	0.21	0.81	0.30
	2.77	0.21	0.98	0.53
	3.83	0.20	0.81	0.29
	5.34	0.21	0.84	0.31
	1.16	0.22	1.38	1.65
	1.83	0.29	0.95	0.29
	1.47	0.25	1.07	0.29
	1.48	0.26	1.05	0.28
	1.54	0.19	0.99	0.27
	5.08	0.22	0.84	0.31
	3.64	0.25	0.97	0.32
	1.61	0.37	1.17	0.90
	1.48	0.31	1.07	1.21
	1.49	0.34	1.02	1.12
	2.20	0.35	1.17	0.43
	4.52	0.28	0.96	0.32
	1.60	0.35	0.93	1.36
	2.21	0.38	1.27	0.51
	1.71	0.27	1.08	1.11
	1.46	0.33	1.02	1.20
	2.57	0.47	1.57	0.39
	1.80	0.30	1.13	1.16
	2.15	0.33	1.24	0.86
	2.97	0.31	1.02	0.31
	5.49	9.53	5.90	3.42
	1.94	0.08	0.93	0.54
	5.23	1.20	1.92	1.09
	2.21	0.27	0.72	0.31
	2.34	0.41	1.04	0.25
	2.56	0.29	1.49	0.32
	2.21	0.19	1.29	0.60
	1.14	0.55	1.34	0.26
	1.99	0.25	0.91	0.26
	1.72	0.26	0.96	0.24
	2.34	0.31	0.98	0.27
	1.65	0.28	0.94	1.26
	1.82	0.27	1.18	0.97
	4.60	0.19	0.80	0.35
	2.01	0.21	1.01	0.96
	1.73	0.29	1.04	1.23
	2.66	0.33	1.32	0.30
	1.87	0.29	1.08	0.99
	1.74	0.28	1.05	1.19
	3.21	0.35	1.18	0.47
	2.25	0.25	1.29	0.85
	1.90	0.30	1.10	1.01
	2.61	0.28	1.22	0.44
	2.18	0.29	1.07	0.61
	2.03	0.29	1.25	0.80
	3.73	0.63	1.11	0.31
	3.96	0.30	1.72	0.56
	4.38	0.31	7.00	3.58
	6.49	0.09	1.00	0.49
	2.40	0.08	1.01	0.50
	2.31	0.08	0.92	0.51
	2.27	0.08	0.93	0.46
	2.36	0.09	1.00	0.64
	4.81	0.17	1.96	1.09
	9.71	0.11	1.25	1.12
	1.76	0.11	1.69	0.69
	0.94	0.08	1.04	0.53
	0.84	0.07	0.89	0.41
	1.13	0.07	0.93	0.44
	1.44	0.11	1.02	0.56
	2.93	0.09	1.00	0.44
	1.69	0.07	0.86	0.55
	0.78	0.09	0.80	0.47
	0.72	0.13	0.69	0.42
	0.63	0.11	0.67	0.39
	0.62	0.13	0.67	0.61
	0.72	0.14	0.74	0.38
	1.86	0.14	2.79	0.78
	1.63	0.10	1.12	0.56
	0.83	0.18	0.80	0.49
	0.74	0.20	0.87	0.48
	1.07	0.08	0.96	0.52
	1.60	0.10	0.98	0.57
	4.41	0.09	1.73	1.02
	3.99	7.47	5.80	3.00
	4.04	0.09	1.01	0.35
	2.49	0.22	1.12	0.39
	2.20	0.21	0.86	0.30
	2.59	0.23	1.30	0.87
	4.14	0.40	1.54	0.31
	6.36	0.23	1.05	0.31
	2.70	0.43	1.91	0.40
	2.55	0.25	0.98	0.31
	1.47	0.24	0.93	0.28
	1.33	0.23	0.81	0.24
	1.34	0.22	1.10	0.29
	2.02	0.28	1.11	0.28
	1.56	0.23	1.02	0.28
	1.51	0.28	1.17	0.32
	3.25	0.32	1.29	0.29
	1.95	0.26	1.08	0.96
	2.03	0.26	1.28	0.63
	3.95	0.26	1.02	0.41
	1.66	0.39	1.04	1.21
	1.76	0.40	1.17	1.10
	2.00	0.34	1.32	0.83
	1.52	0.35	0.95	1.35
	1.69	0.39	1.20	0.98
	3.61	0.39	1.15	0.30
	1.77	0.35	0.85	0.78
	1.55	0.32	1.66	0.72
	4.31	0.00	0.84	0.53
	7.48	0.19	7.08	0.51
	3.01	10.83	6.11	2.08
	3.24	0.08	1.00	0.84
	2.11	0.07	0.89	0.45
	2.20	0.08	0.90	0.46
	2.78	0.18	1.90	0.95
	7.35	0.16	2.06	1.75
	4.23	0.25	4.98	5.21
	3.54	0.15	2.74	1.03
	0.78	0.06	0.84	0.41
	0.78	0.06	0.99	0.38
	1.59	0.07	0.88	1.16
	1.59	0.07	0.81	0.46
	1.61	0.06	0.83	0.49
	1.90	0.08	0.95	0.58
	1.00	0.07	0.83	0.50
	1.55	0.10	0.86	0.51
	0.95	0.07	0.71	0.43
	1.27	0.08	0.80	0.50
	1.18	0.08	0.81	0.49
	1.29	0.08	0.83	0.46
	1.67	0.10	0.97	0.49
	1.40	0.08	0.84	0.47
	2.01	0.10	0.97	0.58
	1.65	0.10	0.97	0.54
	1.34	0.08	0.84	0.52
	1.09	0.08	0.80	0.47
	1.28	0.08	0.85	0.43
	1.86	0.10	1.00	0.50
	3.35	0.10	1.43	0.69
	4.46	14.97	6.83	2.60
	4.11	0.08	0.92	0.32
	2.58	0.21	1.28	0.57
	2.47	0.22	0.96	0.34
	3.01	0.19	0.83	0.29
	2.72	0.26	0.96	0.29
	2.96	0.37	0.83	0.30
	1.81	0.54	1.27	0.38
	1.04	0.25	1.25	0.32
	1.64	0.21	0.86	0.29
	1.17	0.19	0.78	0.27
	1.59	0.26	0.88	0.28
	1.65	0.25	0.92	0.27
	1.27	0.22	1.42	0.28
	1.81	0.24	0.67	0.91
	1.94	0.44	1.65	0.38
	1.78	0.27	1.06	0.43
	1.31	0.21	1.08	0.99
	1.90	0.39	1.80	0.46
	2.15	0.43	1.31	0.30
	1.77	0.32	1.10	0.43
	2.44	0.38	1.27	0.31
	1.55	0.32	0.93	1.19
	1.50	0.29	1.05	1.14
	2.68	0.28	1.27	0.44
	2.06	0.42	1.43	0.68
	5.53	0.31	1.29	0.55
	4.40	7.99	5.35	2.69
	2.94	0.06	0.97	0.33
	4.49	0.17	0.81	0.35
	1.81	0.19	0.86	0.30
	2.80	0.31	1.44	0.30
	2.47	0.60	1.08	0.34
	4.10	0.21	0.85	0.35
	3.94	4.54	1.56	0.36
	1.58	0.67	0.91	0.33
	0.95	0.18	0.72	0.29
	0.78	0.17	0.86	0.26
	0.94	0.23	0.93	0.37
	1.86	0.18	0.73	0.30
	1.10	0.19	0.83	0.27
	1.09	0.24	1.00	0.46
	1.84	0.41	1.40	0.75
	1.77	0.39	1.02	1.17
	1.58	0.48	1.49	0.95
	4.45	0.30	1.03	0.33
	1.71	0.39	1.11	1.33
	1.98	0.35	1.58	0.79
	1.92	0.38	1.40	1.02
	1.48	0.29	1.05	1.64
	1.68	0.26	1.23	1.31
	6.20	0.39	1.05	0.33
	1.66	0.23	1.09	1.51
	1.85	0.25	1.57	0.43
	6.79	0.29	1.35	0.50
	3.34	12.92	6.07	2.26
	1.83	0.21	1.23	0.33
	0.94	0.63	1.09	0.61
	1.51	0.27	0.96	0.30
	2.62	0.35	1.07	0.31
	2.92	0.19	0.87	0.30
	4.52	0.25	1.78	0.38
	3.16	2.01	1.69	0.42
	2.96	0.25	1.22	0.27
	1.73	0.24	1.11	0.31
	1.58	0.66	1.01	0.43
	1.55	0.26	1.15	0.32
	1.40	0.26	1.67	0.31
	1.92	0.51	0.79	0.41
	2.25	0.44	1.38	0.50
	1.92	0.32	1.40	0.35
	1.23	0.24	1.18	1.36
	1.57	0.33	1.19	0.98
	1.53	0.29	0.97	1.18
	1.89	0.45	1.78	0.46
	1.74	0.35	1.20	1.13
	2.12	0.34	1.35	0.53
	1.55	0.38	1.42	1.19
	1.68	0.43	1.27	0.93
	1.54	0.27	0.97	1.43
	2.35	0.48	2.06	0.34
	5.51	0.72	1.71	0.51
	6.05	7.54	5.78	2.88
	5.21	0.07	1.16	0.38
	3.63	0.36	0.95	0.43
	2.06	0.20	0.85	0.29
	2.39	0.53	1.15	0.30
	2.46	0.47	0.84	0.31
	3.14	0.34	1.73	0.88
	1.93	0.34	1.79	0.96
	1.34	0.28	0.92	0.35
	1.20	0.20	0.80	0.28
	0.88	0.18	0.88	0.27
	2.09	0.33	1.24	0.30
	2.13	0.41	1.45	0.36
	1.78	0.29	1.00	0.29
	12.64	0.40	1.07	0.49
	4.96	0.29	1.07	0.42
	1.16	0.31	0.75	0.31
	1.35	0.20	0.95	0.31
	1.46	0.20	0.76	0.29
	2.73	0.32	1.26	0.30
	2.27	0.35	1.06	0.64
	2.99	0.42	1.24	0.38
	2.43	0.28	1.24	0.38
	2.08	0.23	1.03	0.89
	2.05	0.32	1.18	0.78
	2.54	0.38	1.41	0.37
	6.21	0.31	0.97	0.54
	4.45	7.20	5.51	4.03
	4.99	0.08	0.88	0.38
	4.31	0.33	1.02	0.40
	1.63	0.19	0.80	0.29
	2.10	0.23	1.23	0.36
	2.81	0.23	0.82	0.29
	5.44	0.23	1.18	1.21
	5.44	0.29	1.18	0.39
	1.84	0.32	0.80	0.26
	1.77	0.17	0.70	0.25
	0.82	0.18	0.71	0.26
	0.81	0.19	0.76	0.28
	1.15	0.22	0.98	0.27
	1.48	0.23	0.91	0.28
	1.52	0.27	1.01	0.46
	1.90	0.28	1.08	0.98
	1.75	0.31	1.06	1.03
	1.50	0.36	1.29	1.10
	2.02	0.28	1.32	0.70
	2.12	0.32	1.29	0.69
	1.87	0.31	1.14	1.08
	2.28	0.43	1.46	0.38
	1.50	0.33	0.93	1.42
	1.43	0.22	1.09	1.48
	1.58	0.37	1.15	1.05
	2.68	0.35	1.51	0.31
	7.03	1.15	1.54	0.47
	3.82	16.37	5.89	2.55
	3.36	0.07	1.09	0.37
	1.88	0.06	0.79	0.34
	2.02	0.06	0.76	1.03
	2.32	0.07	0.90	0.50
	1.67	0.07	1.35	1.29
	2.37	0.07	1.01	0.82
	2.34	0.12	1.20	0.67
	0.80	0.06	1.08	0.55
	0.92	0.07	0.88	0.43
	0.76	0.06	0.93	0.39
	0.87	0.06	1.37	1.47
	1.75	0.07	0.88	0.49
	1.08	0.08	0.81	0.44
	1.79	0.12	1.00	0.75
	1.37	0.09	0.91	0.54
	1.23	0.08	0.85	0.50
	1.02	0.07	0.76	0.52
	1.23	0.09	0.93	0.64
	1.24	0.09	0.91	0.58
	0.98	0.07	0.75	0.71
	1.18	0.09	0.88	0.55
	1.23	0.07	0.89	0.54
	2.45	0.11	2.80	1.55
	4.95	0.14	1.40	0.98
	4.45	15.48	7.75	0.59
	4.89	0.07	0.93	1.56
	3.16	0.21	1.21	0.35
	1.77	0.18	0.75	0.29
	2.49	0.17	0.88	0.30
	2.59	0.18	0.84	0.30
	2.37	0.17	1.03	0.30
	1.84	0.48	2.19	0.45
	2.23	0.20	0.78	0.30
	1.88	0.23	0.94	0.33
	0.98	0.20	0.79	0.31
	1.45	0.24	1.01	0.24
	1.51	0.19	1.02	0.26
	1.33	0.26	1.19	0.74
	2.48	0.40	1.17	0.27
	2.25	0.41	1.49	0.30
	1.85	0.23	1.08	0.92
	1.65	0.30	1.05	1.12
	1.78	0.31	1.29	0.82
	2.23	0.29	1.39	0.58
	1.53	0.30	0.97	1.83
	2.13	0.33	1.46	0.40
	1.84	0.30	1.22	0.86
	1.31	0.32	0.98	1.49
	1.65	0.32	1.23	0.91
	2.24	0.42	1.66	0.38
	6.29	0.26	1.01	0.33
