Applications Graphics Acceleration Info:
Uptime: 58402968 Realtime: 83457218

** Graphics info for pid 11086 [com.miui.gallery] **

Stats since: 58224113795841ns
Total frames rendered: 2290
Janky frames: 376 (16.42%)
90th percentile: 25ms
95th percentile: 36ms
99th percentile: 61ms
Number Missed Vsync: 206
Number High input latency: 0
Number Slow UI thread: 286
Number Slow bitmap uploads: 29
Number Slow issue draw commands: 38

Caches:
Current memory usage / total memory usage (bytes):
  TextureCache          1659836 / 75497472
  LayerCache                  0 / 50331648 (numLayers = 0)
  Layers total          0 (numLayers = 0)
  RenderBufferCache           0 /  8388608
  GradientCache               0 /  1048576
  PathCache                   0 / 33554432
  TessellationCache           0 /  1048576
  TextDropShadowCache         0 /  6291456
  PatchCache                320 /   131072
  FontRenderer 0 A8     1048576 /  1048576
  FontRenderer 0 RGBA         0 /        0
  FontRenderer 0 total  1048576 /  1048576
Other:
  FboCache                    0 /        0
Total memory usage:
  2708732 bytes, 2.58 MB

Profile data in ms:

	com.miui.gallery/com.miui.gallery.activity.HomePageActivity/android.view.ViewRootImpl@9d0fefd (visibility=0)
	Draw	Prepare	Process	Execute
	20.30	1.58	12.03	3.89
	20.49	0.14	3.47	1.78
	1.47	0.16	1.30	0.33
	19.15	0.69	8.92	4.04
	13.10	0.19	2.65	0.46
	1.83	0.22	1.40	0.44
	12.44	0.57	7.92	3.24
	50.00	0.18	2.50	0.48
	1.46	0.23	3.60	2.77
	17.65	0.51	6.87	3.53
	24.12	0.22	2.71	0.52
	1.19	0.22	1.56	0.40
	4.28	0.36	7.32	5.13
	3.98	0.61	2.52	0.62
	27.65	0.22	2.68	0.41
	50.00	0.18	1.44	0.71
	19.22	0.73	9.63	3.58
	23.93	0.16	2.58	1.88
	1.01	0.20	1.34	0.33
	29.25	1.70	15.72	1.17
	24.03	0.18	2.83	0.44
	1.23	0.26	1.47	0.53
	16.32	1.68	10.95	4.61
	25.13	0.15	1.72	0.33
	2.89	0.35	1.44	0.49
	29.19	1.46	15.49	5.26
	26.50	0.13	2.95	1.47
	1.10	0.28	1.39	0.40
	23.81	0.77	11.14	4.01
	26.05	0.22	1.82	0.36
	5.63	0.21	1.59	0.50
	19.24	0.73	9.79	4.70
	22.14	0.14	4.44	0.39
	2.05	2.86	1.35	0.46
	5.64	0.81	7.50	4.63
	39.35	0.14	3.41	4.38
	1.34	0.21	1.87	0.75
	18.31	0.74	9.58	3.55
	29.04	0.24	2.51	0.46
	3.76	0.22	1.35	0.37
	20.83	1.55	13.54	3.58
	26.45	0.15	2.20	0.35
	1.08	0.19	1.45	0.64
	12.86	0.49	7.42	0.64
	23.21	0.17	2.57	0.54
	2.19	0.31	1.67	0.61
	29.33	0.76	9.19	4.06
	22.34	0.15	2.56	2.27
	1.11	0.20	1.57	0.67

Stats since: 58224113795841ns
Total frames rendered: 2290
Janky frames: 376 (16.42%)
90th percentile: 25ms
95th percentile: 36ms
99th percentile: 61ms
Number Missed Vsync: 206
Number High input latency: 0
Number Slow UI thread: 286
Number Slow bitmap uploads: 29
Number Slow issue draw commands: 38


---PROFILEDATA---
Flags,IntendedVsync,Vsync,OldestInputEvent,NewestInputEvent,HandleInputStart,AnimationStart,PerformTraversalsStart,DrawStart,SyncQueued,SyncStart,IssueDrawCommandsStart,SwapBuffers,FrameCompleted,
1,58244130785932,58244130785932,9223372036854775807,0,58244131200105,58244131238334,58244131241824,58244155855417,58244156001251,58244156282969,58244156420313,58244158504740,58244159059271,
0,58244296494026,58244296494026,9223372036854775807,0,58244297651303,58244297668698,58244297670678,58244298195105,58244298543490,58244298597448,58244298775782,58244300214168,58244300635834,
0,58245722170470,58245722170470,9223372036854775807,0,58245722590833,58245722608646,58245722610521,58245722650312,58245725301146,58245725352656,58245725731198,58245732593750,58245736096719,
1,58247381480478,58247398147145,9223372036854775807,0,58247401561250,58247401593698,58247401596979,58247411186198,58247411330156,58247412139635,58247412331510,58247414777083,58247416121145,
0,58247563652538,58247563652538,9223372036854775807,0,58247564590729,58247564607916,58247564610000,58247564959843,58247565281302,58247565324271,58247565511302,58247567199687,58247567712031,
0,58249005336023,58249005336023,9223372036854775807,0,58249005604947,58249005630103,58249005632290,58249005697030,58249009059217,58249009170988,58249009767967,58249017361561,58249020974218,
1,58250698192249,58250698192249,9223372036854775807,0,58250701295363,58250701318644,58250701320623,58250723386144,58250723519581,58250723834008,58250724075363,58250726190154,58250726530883,
0,58250880636412,58250880636412,9223372036854775807,0,58250881547602,58250881569217,58250881571300,58250882099998,58250882433383,58250882482029,58250882666977,58250884079217,58250884896092,
0,58252388802890,58252388802890,9223372036854775807,0,58252399612809,58252399677652,58252399690673,58252399841402,58252416739371,58252416951715,58252418772288,58252436612444,58252438083642,
1,58254147397174,58254147397174,9223372036854775807,0,58254151396298,58254151425257,58254151427548,58254161636611,58254161745725,58254161990465,58254162131506,58254167939371,58254169553485,
0,58254296521827,58254296521827,9223372036854775807,0,58254297197704,58254297215985,58254297217860,58254297876402,58254298179839,58254298224892,58254298466714,58254299826975,58254300327340,
0,58255855352104,58255855352104,9223372036854775807,0,58255864803537,58255864860151,58255864872026,58255865433433,58255873553901,58255873652235,58255874268276,58255882744839,58255886893849,
1,58257581267940,58257581267940,9223372036854775807,0,58257588338432,58257588365411,58257588367443,58257611795047,58257611903433,58257612346714,58257612592599,58257618409422,58257618758276,
0,58257747035810,58257747035810,9223372036854775807,0,58257747355255,58257747374474,58257747376714,58257747753953,58257748183276,58257748223224,58257748431974,58257749819786,58257750257443,
0,58259289082731,58259289082731,9223372036854775807,0,58259293655724,58259293726453,58259293738745,58259293903016,58259317872651,58259318123380,58259319661974,58259334778276,58259338845567,
1,58261031891624,58261048558291,9223372036854775807,0,58261052305670,58261052336556,58261052339004,58261063048014,58261063144108,58261063396608,58261063596347,58261066820514,58261067365566,
0,58261197579784,58261197579784,9223372036854775807,0,58261199498378,58261199550826,58261199552701,58261200751712,58261201279993,58261201444941,58261201807441,58261203620670,58261204642024,
0,58262721790902,58262721790902,9223372036854775807,0,58262734008898,58262734084680,58262734095669,58262734231555,58262749746294,58262749861190,58262750963898,58262759174107,58262759800461,
1,58264398027979,58264398027979,9223372036854775807,0,58264399485304,58264399511971,58264399514263,58264409215148,58264409338950,58264409603221,58264409769992,58264412030096,58264412485617,
0,58264563819379,58264563819379,9223372036854775807,0,58264564972857,58264564989992,58264564991919,58264565339940,58264565648586,58264565685409,58264567751971,58264569237127,58264569646086,
0,58266072521119,58266072521119,9223372036854775807,0,58266086068429,58266089807699,58266089824522,58266090102752,58266104044679,58266104259835,58266105713897,58266122108637,58266125828845,
1,58267780668442,58267780668442,9223372036854775807,0,58267789388377,58267789423377,58267789425668,58267806474627,58267806592804,58267806873794,58267807051502,58267809575981,58267809876241,
0,58267946390919,58267946390919,9223372036854775807,0,58267947184939,58267947203169,58267947204992,58267947612908,58267947932023,58267947976294,58267948162127,58267949711814,58267950249159,
0,58269355562793,58269355562793,9223372036854775807,0,58269356286710,58269356310199,58269356312647,58269356358845,58269359203324,58269361286449,58269362769314,58269377737491,58269380945616,
1,58271099008537,58271099008537,9223372036854775807,0,58271102127958,58271102166812,58271102169000,58271124670197,58271124784833,58271125076968,58271125232750,58271129558791,58271130119208,
0,58271280840684,58271280840684,9223372036854775807,0,58271281120458,58271281137489,58271281139468,58271281465302,58271281878635,58271281925354,58271282145354,58271283487697,58271283834625,
0,58272788694233,58272788694233,9223372036854775807,0,58272790992384,58272791055040,58272791066238,58272791643634,58272806859103,58272807102696,58272808761030,58272825080874,58272828989728,
1,58274499293196,58274499293196,9223372036854775807,0,58274512876394,58274512903790,58274512905926,58274524873061,58274524976342,58274525258946,58274525432801,58274527816342,58274528187748,
0,58274664976031,58274664976031,9223372036854775807,0,58274665950665,58274665971603,58274665973738,58274666381238,58274666741394,58274666787905,58274666997332,58274668384727,58274668818998,
0,58283364682461,58283364682461,9223372036854775807,0,58283369886963,58283369959151,58283369970817,58283370723213,58283375794411,58283375927849,58283376965088,58283386520401,58283391416599,
1,58285099733550,58285116400217,9223372036854775807,0,58285118044099,58285118070662,58285118072901,58285129326235,58285129448526,58285129734464,58285129908005,58285131894152,58285132242537,
0,58285265447350,58285265447350,9223372036854775807,0,58285266641390,58285266884776,58285266887171,58285267550765,58285267980661,58285268044984,58285268328630,58285269825453,58285270415349,
0,58287237441570,58287237441570,9223372036854775807,0,58287246444358,58287246492327,58287246501702,58287246629306,58287258487587,58287258700035,58287260549098,58287270517744,58287274379358,
1,58288946923899,58288946923899,9223372036854775807,0,58288951250608,58288951280296,58288951282535,58288971336337,58288971438889,58288976038212,58288976180504,58288978067066,58288978402066,
0,58289128778002,58289128778002,9223372036854775807,0,58289129213837,58289129260399,58289129262379,58289130246754,58289130938369,58289130984827,58289131263316,58289132759879,58289133255296,
0,58290588000005,58290604666672,9223372036854775807,0,58290606828888,58290607032534,58290607046336,58290607223472,58290623304826,58290623420086,58290624104513,58290633177534,58290637062638,
1,58292444973324,58292444973324,9223372036854775807,0,58292446492169,58292446516336,58292446518523,58292454002430,58292454104722,58292460500503,58292460686961,58292463975451,58292465857690,
0,58292594065358,58292594065358,9223372036854775807,0,58292595847169,58292595907273,58292595909565,58292596796753,58292597701232,58292597812065,58292598221753,58292600179253,58292600872847,
0,58294184527369,58294184527369,9223372036854775807,0,58294185465866,58294185543678,58294185555866,58294185727376,58294203256647,58294203471074,58294205138261,58294223809928,58294227519616,
1,58295893677357,58295893677357,9223372036854775807,0,58295907227272,58295907264720,58295907268001,58295919557740,58295919687896,58295919955605,58295920129668,58295922463886,58295923428574,
0,58296059388641,58296059388641,9223372036854775807,0,58296060456959,58296060478418,58296060480709,58296060891907,58296061258782,58296061325188,58296061531595,58296063145501,58296064212428,
0,58297584526054,58297584526054,9223372036854775807,0,58297593012168,58297594243157,58297594258470,58297594421282,58297609658573,58297609819719,58297611500709,58297628020136,58297633401959,
1,58299327683443,58299327683443,9223372036854775807,0,58299332117167,58299332146229,58299332148417,58299341994198,58299342113104,58299342403937,58299342948781,58299346769250,58299347558521,
0,58299493392354,58299493392354,9223372036854775807,0,58299494435291,58299494456437,58299494458833,58299494873989,58299495234041,58299495283937,58299495532479,58299497076750,58299497901020,
0,58300985736795,58301002403462,9223372036854775807,0,58301003272061,58301003335499,58301003347843,58301003519457,58301014344561,58301014474353,58301016059718,58301031009562,58301034663728,
1,58302827796569,58302827796569,9223372036854775807,0,58302833953883,58302833982633,58302833984977,58302853897581,58302854009040,58302854261592,58302854400290,58302856424560,58302856901279,
0,58302993484238,58302993484238,9223372036854775807,0,58302994719300,58302994739144,58302994741175,58302995126800,58302995461279,58302995584821,58302995816800,58302997224977,58302997703258,
0,58304551714464,58304568381131,9223372036854775807,0,58304569417112,58304569484873,58304569497946,58304569681643,58304585658414,58304585948675,58304589683883,58304607357789,58304609863675,
1,58306327611051,58306327611051,9223372036854775807,0,58306335391018,58306335421591,58306335423883,58306350503102,58306350621279,58306350886696,58306351051071,58306353237842,58306353574039,
0,58306493328901,58306493328901,9223372036854775807,0,58306493813571,58306493857633,58306493859664,58306494597164,58306495341123,58306495427164,58306496034195,58306497593622,58306498147268,
0,58308019098310,58308019098310,9223372036854775807,0,58308021900132,58308021925497,58308021929143,58308022010966,58308027521486,58308027642372,58308028901226,58308052144768,58308055826434,
1,58309776981422,58309776981422,9223372036854775807,0,58309783754559,58309783780288,58309783782528,58309793021174,58309793140028,58309793408413,58309793557893,58309798462059,58309798821746,
0,58309942656725,58309942656725,9223372036854775807,0,58309946450965,58309946484819,58309946486903,58309947513465,58309948175184,58309948267892,58309948644507,58309951629716,58309952868674,
0,58311417332795,58311417332795,9223372036854775807,0,58311427509558,58311427578777,58311427591277,58311431135496,58311458837839,58311459036589,58311460567475,58311467851954,58311471369246,
1,58313225665604,58313225665604,9223372036854775807,0,58313226957108,58313227000129,58313227002161,58313237976744,58313238076952,58313238330077,58313238493098,58313244741484,58313245357317,
0,58313391361057,58313391361057,9223372036854775807,0,58313392452004,58313392470702,58313392472890,58313393179244,58313393581848,58313393623879,58313393846692,58313395238567,58313395680598,
0,58314932512977,58314932512977,9223372036854775807,0,58314944744297,58314944817526,58314949700963,58314949916692,58314967555390,58314967894557,58314969609296,58314980170130,58314981028620,
1,58316640906879,58316640906879,9223372036854775807,0,58316641781588,58316641818150,58316641820129,58316663878879,58316663998046,58316664304817,58316664529765,58316666505598,58316666849400,
0,58316690607273,58316807273942,9223372036854775807,0,58316823855180,58316823910337,58316823920024,58316825287160,58316827531430,58316827714399,58316828537784,58316836604034,58316838238461,
0,58318231656015,58318231656015,9223372036854775807,0,58318231922524,58318231940597,58318231942576,58318231978878,58318234451899,58318234505180,58318234918514,58318241399712,58318246395857,
1,58319973812590,58319973812590,9223372036854775807,0,58319974780336,58319974806586,58319974808825,58319985573617,58319985675596,58319985927679,58319986071794,58319988072315,58319988617992,
0,58320122934716,58320122934716,9223372036854775807,0,58320124076690,58320124097054,58320124099190,58320124531690,58320124895388,58320124983981,58320125200908,58320126845023,58320127336690,
0,58321663760992,58321663760992,9223372036854775807,0,58321664248251,58321664295595,58321664299137,58321664377366,58321675762210,58321676079137,58321676625960,58321683805491,58321686378095,
1,58323339571924,58323339571924,9223372036854775807,0,58323352368720,58323352395387,58323352397730,58323362750491,58323362861741,58323363140908,58323363296689,58323365605282,58323366189762,
0,58323505318274,58323505318274,9223372036854775807,0,58323510538512,58323510587783,58323510597574,58323511677001,58323512854397,58323512928772,58323518687574,58323520555647,58323521014449,
0,58324979816054,58324979816054,9223372036854775807,0,58324988609448,58324988676948,58324988690125,58324988851844,58325002044709,58325002215021,58325004156740,58325021794917,58325026462313,
1,58326738768734,58326738768734,9223372036854775807,0,58326740893458,58326740919864,58326740921999,58326763122885,58326763242468,58326763508874,58326763907781,58326766887468,58326767299499,
0,58326904488384,58326904488384,9223372036854775807,0,58326906326478,58326906372728,58326906377051,58326907346895,58326908036895,58326908171478,58326908686791,58326911003093,58326911749916,
0,58328977447289,58328977447289,9223372036854775807,0,58328990353665,58328990407884,58328990418040,58328992629134,58329002788509,58329002884811,58329003533665,58329011753196,58329012480071,
1,58330719967543,58330719967543,9223372036854775807,0,58330722461582,58330722488196,58330722490592,58330746494446,58330746627519,58330746871061,58330747003456,58330748943561,58330749283144,
0,58330885624112,58330885624112,9223372036854775807,0,58330886984394,58330887011477,58330887013509,58330887636529,58330888115592,58330888181477,58330888579498,58330890570019,58330892042884,
0,58332443113601,58332443113601,9223372036854775807,0,58332448625278,58332448696008,58332448709341,58332448876008,58332463412518,58332463539810,58332465123924,58332477150643,58332481041737,
1,58334170666307,58334170666307,9223372036854775807,0,58334179374496,58334179417100,58334179418975,58334191048976,58334191157205,58334191413142,58334191552986,58334195027934,58334196803403,
0,58334335755781,58334335755781,9223372036854775807,0,58334336406632,58334336423611,58334336425486,58334336924861,58334337224600,58334337259757,58334337418298,58334338715277,58334339044600,
0,58343281896361,58343281896361,9223372036854775807,0,58343282759545,58343282831785,58343282843868,58343283008920,58343301049389,58343301159545,58343301848868,58343310764546,58343314801316,
1,58345019364861,58345019364861,9223372036854775807,0,58345022371472,58345022397722,58345022400065,58345032343347,58345032461680,58345032744024,58345032931107,58345035585482,58345036041471,
0,58345184497175,58345184497175,9223372036854775807,0,58345185512878,58345185533607,58345185535794,58345185953503,58345186322513,58345186369023,58345186588242,58345187985377,58345188423659,
0,58346709774139,58346709774139,9223372036854775807,0,58346711523972,58346711545690,58346711549232,58346711625117,58346722214440,58346722269909,58346722836888,58346730760586,58346734003398,
1,58348467911429,58348517911430,9223372036854775807,0,58348526844179,58348526871418,58348526873554,58348539677929,58348539792876,58348540099179,58348540281523,58348542781627,58348543260637,
0,58348550766283,58348550766283,9223372036854775807,0,58348551534648,58348551553450,58348551555377,58348551914596,58348552227304,58348553134700,58348553365429,58348556967929,58348559740324,
0,58350025931877,58350025931877,9223372036854775807,0,58350037176313,58350037223761,58350037234126,58350037374907,58350043577667,58350043668397,58350044176522,58350051047563,58350054581313,
1,58351751473434,58351751473434,9223372036854775807,0,58351754145324,58351754171782,58351754173761,58351775412511,58351775595844,58351776085323,58351776300376,58351779009282,58351779530584,
0,58351949972640,58351949972640,9223372036854775807,0,58351950335793,58351950354699,58351950357095,58351950759647,58351951160324,58351951215063,58351951439699,58351953003501,58351953400376,
0,58353375062042,58353375062042,9223372036854775807,0,58353376249959,58353376280480,58353376282511,58353376333084,58353379340011,58353379405323,58353379768448,58353387083813,58353392215011,
0,58353391632849,58353391632849,9223372036854775807,0,58353392362511,58353392402407,58353392404282,58353392607511,58353395611886,58353397261105,58353397873917,58353400397147,58353401019803,
1,58355117832725,58355117832725,9223372036854775807,0,58355125478552,58355125509854,58355125512354,58355145367771,58355145484959,58355145814229,58355146034594,58355148717979,58355149128969,
0,58355167532950,58355284199619,9223372036854775807,0,58355294153709,58355294172563,58355294174698,58355294507146,58355294814230,58355294865844,58355295048396,58355296487615,58355297194750,
0,58356825033061,58356825033061,9223372036854775807,0,58356832417145,58356832481467,58356832493863,58356832641988,58356844252874,58356844377144,58356845109228,58356854742874,58356858318238,
1,58358550028598,58358550028598,9223372036854775807,0,58358551138915,58358551175843,58358551177978,58358573860790,58358573960061,58358574216155,58358574375321,58358576955321,58358578830790,
0,58358715740678,58358715740678,9223372036854775807,0,58358716009488,58358716027457,58358716029644,58358716360269,58358716746467,58358716782300,58358716980009,58358718324436,58358718650894,
0,58360738360425,58360738360425,9223372036854775807,0,58360745918705,58360745988809,58360746001518,58360746170736,58360767608809,58360767870267,58360769569642,58360785286622,58360786453809,
1,58362531478711,58362531478711,9223372036854775807,0,58362531742299,58362531772872,58362531775215,58362555373132,58362555504955,58362555823236,58362556001882,58362558835111,58362559277559,
0,58362697124443,58362697124443,9223372036854775807,0,58362697564590,58362697585892,58362697587871,58362697967611,58362698351361,58362698389642,58362698647038,58362700117091,58362700650163,
0,58364288871405,58364288871405,9223372036854775807,0,58364289771360,58364289845683,58364289858027,58364290188913,58364305193444,58364305408079,58364307088808,58364318043131,58364322648704,
1,58365982082713,58365982082713,9223372036854775807,0,58365992211099,58365992241932,58365992244016,58366007074120,58366007213495,58366007511828,58366007657713,58366009380995,58366009710265,
0,58366147810833,58366147810833,9223372036854775807,0,58366149787870,58366149808338,58366149810213,58366150290526,58366150701828,58366150758234,58366151105578,58366152546411,58366153031568,
0,58367656687432,58367656687432,9223372036854775807,0,58367670562452,58367670635369,58367670647765,58367670823181,58367685880942,58367686053181,58367687515838,58367703003390,58367708265994,
1,58369398891744,58369398891744,9223372036854775807,0,58369408612348,58369408637973,58369408640108,58369425293077,58369425392817,58369425713910,58369425846046,58369428791566,58369430265525,
0,58369564624461,58369564624461,9223372036854775807,0,58369564904275,58369564926723,58369564928598,58369565310369,58369565726827,58369565766202,58369566048702,58369567435212,58369567838754,
0,58371122540041,58371122540041,9223372036854775807,0,58371126991150,58371127057816,58371130743598,58371132019171,58371146352764,58371146479691,58371147253077,58371158392712,58371162403285,
1,58372882269201,58372882269201,9223372036854775807,0,58372898518492,58372898545211,58372898547190,58372908216148,58372908322607,58372908556826,58372908773805,58372910598284,58372910953701,
0,58373048086961,58373048086961,9223372036854775807,0,58373051501930,58373051545055,58373051547139,58373053194378,58373053714586,58373053873284,58373054079951,58373055665576,58373056165732,
0,58374572913369,58374572913369,9223372036854775807,0,58374576556304,58374576628700,58374576640523,58374576804429,58374592155263,58374592270158,58374592995888,58374602788075,58374607491044,
1,58376314722541,58376314722541,9223372036854775807,0,58376323453960,58376323483543,58376323485887,58376336750678,58376336863647,58376337191043,58376337332709,58376341771408,58376342158855,
0,58376480431921,58376480431921,9223372036854775807,0,58376481613699,58376481632449,58376481634637,58376482139376,58376482479064,58376482526720,58376485388491,58376486743126,58376487205418,
0,58378005087903,58378005087903,9223372036854775807,0,58378005551095,58378005579584,58378005583178,58378005690522,58378010728230,58378010836303,58378011647085,58378019146042,58378023775626,
1,58379730527023,58379730527023,9223372036854775807,0,58379732699063,58379732726563,58379732728854,58379769775260,58379769879896,58379770511563,58379770648438,58379774061875,58379778437969,
0,58379780287051,58379780287051,9223372036854775807,0,58379780945677,58379780968646,58379780970677,58379781315781,58379781626354,58379782788333,58379782999688,58379784873073,58379785621667,
0,58381254726490,58381254726490,9223372036854775807,0,58381260745676,58381260808228,58381260818437,58381260951406,58381273040572,58381273146041,58381273882291,58381283466041,58381287016666,
1,58382963035598,58382963035598,9223372036854775807,0,58382967849791,58382967879427,58382967881875,58382991972136,58382992072552,58382992287344,58382992524323,58382995029479,58382995490052,
0,58383128675746,58383128675746,9223372036854775807,0,58383129365833,58383129388541,58383129390937,58383129914999,58383132434010,58383132474167,58383132693021,58383134042031,58383134411510,
0,58384652927366,58384652927366,9223372036854775807,0,58384658795727,58384658863644,58384658876196,58384659523071,58384673759582,58384673874842,58384675426456,58384688968071,58384692552134,
1,58386361937948,58386361937948,9223372036854775807,0,58386363346509,58386363396717,58386363398956,58386388284842,58386388392133,58386388696873,58386388847550,58386391050207,58386391396092,
0,58386544184163,58386544184163,9223372036854775807,0,58386544522133,58386544544373,58386544546352,58386544941352,58386545263331,58386545303852,58386545489842,58386546934894,58386547577133,
0,58387969395394,58387969395394,9223372036854775807,0,58387972952342,58387973015675,58387973026248,58387973193644,58387982251509,58387982334009,58387982828123,58387990243748,58387990886457,
1,58389663533268,58389663533268,9223372036854775807,0,58389675597966,58389675628122,58389675630414,58389686618695,58389686739476,58389687002757,58389687172445,58389689746247,58389690286143,
0,58389829202023,58389829202023,9223372036854775807,0,58389830209789,58389830265206,58389830267081,58389831028018,58389831391768,58389831444008,58389831751612,58389833424476,58389834035257,
0,58391353440727,58391353440727,9223372036854775807,0,58391368582183,58391368654110,58391368666245,58391368832339,58391382765933,58391382882652,58391383646974,58391392839683,58391396897026,
1,58393131651946,58393131651946,9223372036854775807,0,58393135998485,58393136024735,58393136026766,58393153878485,58393153987912,58393154279006,58393154432131,58393156988745,58393159253901,
0,58393296691344,58393296691344,9223372036854775807,0,58393296988172,58393297008641,58393297010516,58393297390099,58393297801141,58393297842026,58393298043016,58393299615307,58393300283016,
---PROFILEDATA---


View hierarchy:

  com.miui.gallery/com.miui.gallery.activity.HomePageActivity/android.view.ViewRootImpl@9d0fefd
  176 views, 161.68 kB of display lists


Total ViewRootImpl: 1
Total Views:        176
Total DisplayList:  161.68 kB

