	42.05	2.76	7.28	0.49
	35.94	0.22	3.37	0.34
	1.95	0.40	2.72	0.34
	18.34	1.52	2.76	0.49
	4.60	0.26	3.37	0.93
	2.45	0.52	2.21	0.30
	21.23	1.23	2.65	0.37
	7.80	0.17	2.72	0.41
	1.91	0.34	2.11	0.33
	32.08	0.73	2.44	0.46
	6.54	0.24	2.18	0.38
	40.12	1.55	2.36	0.40
	2.26	0.24	2.17	0.39
	1.81	0.24	2.13	0.44
	7.07	0.23	2.46	0.41
	1.67	0.23	2.17	0.39
	1.67	0.23	2.05	0.36
	8.39	0.25	3.28	0.39
	1.42	0.37	2.84	0.38
	1.35	0.26	3.41	0.43
	1.40	0.27	2.85	0.43
	1.61	0.27	5.22	0.71
	14.13	1.63	5.48	0.68
	1.37	0.50	4.75	0.52
	1.34	0.58	2.58	3.02
	1.19	0.38	2.86	0.37
	1.35	0.38	3.09	0.61
	1.31	0.41	3.29	0.56
	1.35	0.46	3.18	0.57
	1.37	0.48	3.15	0.55
	1.41	0.48	3.43	0.80
	1.54	0.43	3.11	0.65
	1.45	0.49	3.21	0.57
	1.37	3.14	9.99	1.32
	1.44	1.49	6.40	0.31
	1.41	0.51	3.62	0.33
	1.40	0.78	3.52	0.32
	1.41	0.49	3.42	0.41
	1.40	0.96	2.57	0.39
	1.53	0.44	2.78	0.32
	1.67	0.53	5.78	0.83
	2.33	0.62	7.90	0.87
	3.17	0.65	8.07	0.85
	7.90	0.50	6.99	2.42
	24.98	0.56	2.61	0.40
	2.90	0.25	2.38	0.80
	18.93	1.02	10.35	0.73
	2.83	0.32	3.42	0.60
	5.27	0.37	3.65	0.42
	20.26	1.00	4.32	0.59
	3.75	0.48	6.01	1.77
	21.17	1.08	6.47	0.42
	31.24	0.27	3.55	0.47
	2.53	0.28	3.46	0.35
	2.24	0.50	3.91	0.40
	5.06	0.83	2.91	0.28
	2.66	0.44	3.44	0.37
	2.94	0.44	2.65	0.29
	3.86	0.57	2.78	0.34
	21.88	0.68	3.13	0.44
	13.32	0.29	3.01	0.70
	1.76	0.32	3.02	0.36
	3.39	0.59	2.68	0.37
	2.24	0.40	2.68	0.61
	2.18	0.45	2.21	0.53
	4.33	0.56	2.31	0.63
	3.00	0.53	2.50	0.56
	6.32	0.78	2.50	0.57
	2.03	0.68	2.42	0.52
	2.42	0.42	2.37	0.54
	4.86	0.46	2.93	0.58
	4.86	1.12	10.12	1.80
	2.32	0.89	8.54	0.41
	1.84	0.67	3.92	0.43
	4.23	0.47	3.33	0.46
	2.31	0.58	3.66	0.40
	2.06	0.56	4.87	0.58
	2.05	0.65	5.19	0.59
	1.99	0.79	5.49	0.63
	1.93	0.82	7.34	0.64
	5.81	4.56	8.39	0.76
	1.86	0.75	8.13	0.57
	1.87	0.97	7.66	0.61
	2.04	0.85	7.59	0.63
	2.03	0.45	2.92	0.59
	1.94	0.47	3.01	0.35
	2.01	0.92	7.77	0.62
	2.13	0.70	5.68	0.47
	3.24	0.97	5.27	0.74
	3.09	7.57	4.67	0.45
	1.76	0.68	3.44	0.39
	1.72	2.11	3.20	0.30
	1.45	0.45	5.25	0.36
	1.87	0.68	3.34	0.33
	1.51	0.60	3.19	0.36
	1.88	0.49	3.03	0.32
	2.22	0.54	2.92	0.34
	1.78	0.56	3.11	0.35
	1.89	0.41	2.88	0.47
	1.83	0.44	2.53	0.29
	1.77	0.46	3.11	0.35
	14.45	1.17	7.86	2.16
	2.41	0.34	3.30	0.44
	2.46	0.30	3.18	0.48
	6.42	0.85	3.19	1.05
	1.99	0.31	2.82	0.70
	20.02	0.82	4.09	0.64
	42.61	0.38	4.38	1.02
	28.33	1.02	4.59	0.63
	4.40	0.41	4.31	3.96
	2.38	0.25	5.26	1.27
	34.81	1.50	9.30	0.75
	5.80	0.73	3.27	1.12
	11.95	0.69	4.03	0.71
	2.82	0.27	2.67	0.46
	16.90	0.79	3.40	0.54
	2.91	0.29	2.80	0.47
	24.60	0.66	3.96	0.50
	2.22	0.29	3.68	0.88
	26.87	0.90	16.39	1.55
	29.97	1.21	4.43	0.52
	1.80	0.51	4.22	0.52
	4.31	0.59	3.43	0.49
	8.53	0.96	3.77	0.42
	2.08	0.61	3.51	0.44
	10.35	0.84	3.51	0.59
	2.87	0.46	3.21	0.43
	21.61	0.84	3.37	0.46
	26.95	0.58	2.61	0.34
	12.10	0.21	2.81	0.96
	2.56	0.38	3.28	0.38
	14.47	1.01	3.91	0.65
	5.84	0.31	2.73	0.31
	4.80	1.01	11.91	1.69
	20.15	0.77	3.67	0.47
	5.44	0.34	2.83	0.43
	1.94	0.49	3.31	0.57
	19.52	1.84	5.26	0.51
	7.10	0.41	2.42	1.77
	1.36	0.39	2.18	0.36
	1.98	0.36	2.27	0.42
	50.00	1.73	2.41	0.37
	50.00	0.60	2.80	0.70
	8.51	0.29	2.65	1.83
	2.44	0.35	2.28	0.36
	2.10	0.33	2.35	0.38
	5.35	0.33	2.10	0.41
	3.81	0.43	2.08	0.40
	3.60	0.46	2.07	0.35
	1.46	0.54	2.31	0.35
	18.13	0.83	3.65	0.38
	4.27	0.38	3.03	2.20
	2.29	0.54	4.87	0.74
	4.68	1.13	8.89	0.84
	1.68	0.39	2.25	0.30
	1.96	0.69	2.86	0.44
	1.83	0.51	2.78	0.62
	2.16	0.63	2.61	0.59
	20.66	0.90	2.76	0.53
	26.61	0.36	2.65	0.72
	5.03	0.86	9.23	0.89
	2.60	0.80	7.44	0.69
	2.26	0.62	6.88	0.96
	2.39	0.25	2.33	0.37
	3.44	0.26	2.16	0.34
	3.26	0.63	7.75	0.69
	1.97	0.41	2.78	0.35
	2.39	0.28	3.29	0.46
	6.47	1.03	2.98	0.34
	3.08	0.40	3.33	0.72
	2.71	0.44	2.99	0.53
	2.62	0.57	2.66	0.46
	1.95	0.39	2.89	0.65
	4.15	0.31	2.55	0.42
	1.37	0.27	2.56	0.45
	1.49	0.26	2.60	0.45
	1.37	0.26	2.83	0.50
	1.52	0.34	2.59	0.43
	1.42	0.26	2.65	0.43
	1.39	0.28	2.75	0.48
	1.42	0.32	4.30	0.51
	1.78	0.37	3.11	0.48
	1.60	0.29	2.72	0.48
	1.61	0.23	2.10	0.31
	3.84	0.31	3.01	0.54
	1.65	0.30	2.77	0.44
	1.62	0.23	2.09	0.31
	4.26	0.22	2.45	0.60
	4.40	0.28	2.55	0.54
	4.75	0.28	2.53	0.66
	4.93	0.31	2.55	0.51
	4.46	0.26	2.50	0.51
	5.20	0.26	2.49	0.44
	4.84	0.34	2.44	0.43
	9.03	1.20	10.11	1.35
	2.33	0.32	2.97	0.50
	24.40	1.50	4.69	0.72
	5.06	0.38	6.85	0.61
	8.37	0.37	2.93	1.09
	17.28	0.71	2.91	1.00
	4.74	0.39	2.76	1.08
	31.31	1.25	4.31	0.62
	2.58	0.43	3.89	0.66
	12.29	0.29	3.82	1.08
	8.56	1.51	3.50	0.66
	1.83	0.34	3.13	0.46
	5.44	0.68	2.65	0.48
	2.38	0.30	2.56	0.47
	23.33	0.77	2.85	0.83
	16.27	0.71	3.42	0.57
	28.90	1.90	7.35	0.86
	3.43	0.53	7.16	0.84
	24.62	1.39	6.77	0.74
	29.52	0.31	4.74	0.46
	6.15	0.31	3.64	0.43
	4.00	0.51	3.19	0.34
	2.21	0.54	3.69	0.37
	25.53	0.90	3.50	0.48
	15.60	0.38	4.14	0.42
	5.66	0.44	3.80	0.38
	4.82	0.71	3.37	0.44
	2.25	0.69	3.66	0.35
	2.08	0.57	3.70	0.36
	1.92	0.54	3.58	0.33
	1.97	0.57	3.90	0.34
	5.22	1.94	3.82	0.41
	12.05	0.53	3.83	2.00
	2.17	0.34	3.85	0.37
	13.58	0.83	6.03	0.55
	1.87	0.42	4.55	0.33
	2.13	0.51	3.65	0.35
	2.09	0.72	3.78	0.36
	2.20	0.65	3.64	0.34
	3.67	1.62	3.87	0.35
	2.29	0.68	3.40	0.33
	2.20	0.77	3.50	0.34
	2.14	0.60	3.38	0.33
	4.61	0.58	3.32	0.33
	5.30	0.59	3.19	0.33
	2.33	0.56	3.93	1.55
	2.34	1.49	4.53	0.36
	2.38	0.57	3.47	0.36
	2.38	0.56	4.02	0.34
	11.31	0.86	3.54	0.37
	2.29	0.59	3.84	0.34
	2.30	0.57	3.85	0.33
	2.28	0.55	3.44	0.33
	2.51	0.54	4.16	0.33
	4.17	0.62	2.97	0.30
	3.01	0.54	2.93	0.33
	2.92	0.53	2.93	0.32
	2.38	0.56	3.01	0.33
	2.48	0.52	3.04	0.33
	2.22	0.55	3.15	0.32
	2.43	0.64	6.29	0.38
	2.33	0.54	2.96	0.31
	2.34	0.54	2.95	0.33
	2.30	0.54	3.00	0.37
	2.15	0.52	3.08	0.32
	2.05	0.48	3.50	0.33
	19.62	0.92	6.58	0.51
	17.96	0.29	2.84	2.02
	2.12	0.34	3.05	0.37
	2.86	0.35	2.91	0.34
	5.35	2.43	6.67	1.44
	24.80	1.48	7.82	2.17
	6.38	0.35	3.23	0.46
	6.53	0.94	2.85	1.05
	4.08	0.52	2.55	0.38
	6.25	0.83	2.67	0.39
	3.52	0.46	2.67	0.38
	5.77	0.52	2.70	0.39
	6.74	0.71	2.12	0.34
	29.60	0.43	2.60	0.77
	3.81	0.32	2.36	0.54
	14.28	0.62	3.78	0.55
	4.67	0.36	2.62	0.42
	4.75	0.47	2.69	0.45
	13.48	0.82	4.29	0.46
	24.33	0.32	2.94	0.54
	16.37	0.71	2.46	0.45
	2.15	0.35	2.32	0.79
	2.61	0.76	2.60	0.46
	11.91	0.47	2.88	0.40
	14.32	1.17	3.19	0.50
	5.14	0.42	3.65	0.42
	4.86	0.45	2.15	0.33
	2.85	0.42	2.36	0.36
	11.23	0.86	2.34	0.35
	2.93	0.47	2.46	0.34
	2.82	0.45	2.34	0.35
	6.50	0.53	2.57	0.38
	9.84	0.41	2.42	0.39
	20.44	0.83	2.31	0.38
	7.05	0.31	2.24	2.50
	2.38	0.52	2.19	0.27
	2.77	0.65	2.36	0.31
	2.40	0.45	2.26	0.27
	8.37	0.48	2.96	0.38
	24.05	0.73	3.38	0.34
	13.21	0.25	2.50	1.52
	2.43	0.42	2.35	0.73
	1.86	0.49	2.44	0.30
	3.10	0.47	2.63	0.32
	1.94	0.56	2.59	0.30
	2.00	0.48	3.05	0.33
	5.78	0.98	3.46	0.34
	2.06	0.52	3.21	0.33
	3.90	0.57	2.79	0.32
	2.35	0.55	2.98	0.46
	2.11	0.50	2.97	0.30
	2.14	0.50	4.00	0.42
	2.32	0.52	2.85	0.34
	2.21	0.46	2.87	0.34
	1.98	0.52	2.85	0.34
	1.94	0.52	2.81	0.34
	1.94	0.52	2.83	0.34
	1.91	0.52	2.74	0.44
	6.29	0.91	3.04	0.68
	1.81	0.54	2.90	0.33
	2.24	0.64	2.96	0.34
	3.00	0.57	2.83	0.33
	1.90	0.56	3.02	0.34
	1.97	0.55	2.91	0.32
	1.98	0.56	2.95	0.37
	1.87	0.54	3.09	0.33
	2.00	0.54	2.93	0.33
	1.97	0.81	3.09	0.34
	1.81	0.51	3.34	0.30
	1.96	0.55	3.29	0.39
	2.25	0.55	2.95	0.36
	2.03	0.51	3.01	0.36
	2.31	1.13	3.36	0.32
	1.95	0.61	3.24	0.32
	2.00	0.53	2.99	0.68
	1.88	0.61	3.23	0.34
	1.91	0.54	3.35	0.32
	1.85	0.53	3.24	0.31
	1.80	0.53	3.20	0.32
	1.84	0.61	3.31	0.32
	2.26	0.53	3.16	0.58
	2.05	0.43	2.95	0.34
	2.12	0.38	3.03	0.35
	11.73	0.85	5.97	1.85
	2.00	0.29	2.53	0.39
	5.02	0.59	2.69	0.47
	2.11	0.27	2.60	0.36
	20.14	0.71	2.97	0.39
	41.28	0.28	2.61	0.37
	3.36	0.38	2.57	0.37
	2.50	0.25	2.50	0.62
	4.28	0.30	2.38	0.39
	16.08	0.64	2.19	0.36
	14.91	0.36	2.23	0.35
	17.77	0.65	2.30	0.38
	6.26	0.32	2.10	0.28
	17.24	0.87	2.43	0.40
	4.88	1.08	2.20	0.27
	2.34	0.41	2.01	0.30
	5.50	0.46	1.98	0.29
	36.68	0.73	2.25	0.47
	14.59	0.70	2.16	0.78
	21.96	0.64	2.40	0.40
	9.58	0.38	5.27	0.60
	36.19	0.93	3.21	0.44
	33.08	0.61	2.56	0.48
	5.52	0.42	2.53	0.34
	2.70	0.40	2.30	0.30
	7.03	0.77	2.78	0.37
	4.00	0.84	4.79	0.48
	6.70	0.91	2.47	0.37
	1.45	0.86	3.15	0.96
	6.79	0.36	2.53	0.36
	3.71	0.82	2.65	0.36
	1.46	0.39	2.48	0.36
	1.11	1.49	2.63	0.39
	3.70	0.90	3.07	0.33
	1.43	0.37	2.29	0.37
	1.60	0.44	2.12	0.27
	1.82	0.47	3.00	0.30
	5.21	0.46	2.45	0.30
	12.30	0.78	2.68	0.35
	1.66	0.44	2.86	0.27
	1.66	0.40	2.61	0.28
	1.81	0.48	2.59	0.33
	15.80	0.86	2.18	0.31
	4.10	0.38	2.25	1.70
	1.75	0.45	2.45	0.31
	1.76	0.46	2.47	0.31
	1.68	0.40	2.42	0.30
	19.16	0.68	2.15	0.33
	9.89	0.36	2.10	0.28
	10.56	0.39	2.10	0.32
	1.74	0.45	2.29	0.30
	1.94	0.46	2.31	0.28
	1.92	0.46	2.32	0.30
	5.52	0.41	2.00	0.34
	2.38	0.58	2.13	0.31
	2.09	0.43	2.03	0.29
	5.42	0.71	2.06	0.28
	2.02	0.53	2.16	0.27
	2.36	0.56	3.10	0.41
	2.25	0.61	2.99	0.41
	2.20	0.62	2.95	0.41
	3.21	0.78	4.72	0.63
	5.02	0.62	4.22	0.60
	3.73	0.61	4.16	0.60
	3.49	0.77	4.67	0.64
	3.33	0.66	4.68	0.61
	5.46	1.39	4.88	0.69
	2.09	0.95	4.70	0.61
	2.61	1.43	5.25	0.57
	14.97	0.62	5.09	0.38
	1.91	0.47	2.84	2.08
	3.10	0.78	3.24	0.33
	2.46	0.85	3.03	0.34
	2.16	0.43	2.08	0.28
	4.57	0.67	2.86	0.57
	6.81	0.61	2.68	1.00
	6.76	0.59	2.85	0.73
	4.76	0.57	4.48	0.56
	2.17	0.86	3.13	0.60
	2.57	0.60	3.24	0.36
	2.72	0.49	2.72	0.31
	2.63	0.55	3.07	0.36
	1.91	0.52	2.69	0.35
	2.11	0.38	2.11	0.27
	1.86	0.44	2.10	0.31
	2.31	0.49	2.94	0.59
	5.84	0.92	2.77	0.47
	2.25	0.55	3.20	0.69
	2.02	0.46	4.50	0.63
	1.81	0.45	2.65	0.40
	1.87	0.44	2.59	0.37
	1.97	0.53	2.89	0.42
	2.26	0.63	2.85	0.40
	2.10	0.53	2.73	0.39
	2.43	0.66	3.25	0.43
	2.50	0.72	3.02	0.43
	6.56	0.82	10.49	0.91
	2.69	0.31	3.05	1.24
	10.46	0.59	3.03	1.48
	5.91	0.72	2.86	0.49
	2.69	0.31	3.31	0.51
	5.40	0.90	4.06	1.04
	2.49	0.33	3.33	0.54
	12.37	0.72	3.04	0.81
	1.94	0.31	3.38	0.56
	13.75	0.77	3.43	0.52
	3.22	0.32	4.30	0.50
	7.94	0.35	8.48	0.69
	5.59	0.34	2.54	0.42
	4.92	1.06	2.92	0.30
	3.27	0.43	2.58	0.31
	2.81	0.52	2.55	0.30
	2.81	0.39	2.40	0.42
	1.55	0.69	2.81	0.34
	2.34	0.77	3.64	0.34
	1.81	0.51	2.70	0.32
	1.31	0.66	4.06	0.35
	5.87	0.83	2.88	0.32
	1.41	0.67	2.95	0.36
	1.92	0.53	3.08	0.34
	2.54	0.58	2.60	0.32
	2.81	0.46	2.63	0.32
	1.66	0.59	2.71	0.38
	3.83	0.44	2.95	0.34
	2.58	0.50	2.44	0.39
	1.32	0.55	2.71	0.41
	1.53	0.56	2.59	0.29
	1.54	0.54	2.58	0.36
	1.85	0.53	3.05	0.49
	1.99	0.53	2.96	0.44
	1.82	0.49	2.68	0.36
	1.33	0.58	2.81	0.35
	1.31	0.56	2.80	0.35
	1.22	0.67	2.68	0.35
	1.25	0.59	2.76	0.35
	1.64	0.47	2.74	0.36
	1.34	0.71	2.60	0.35
	1.58	0.60	2.63	0.36
	1.71	0.58	2.72	0.35
	1.66	0.57	2.59	0.36
	1.88	0.44	2.71	0.38
	1.72	0.58	2.67	0.36
	1.89	0.47	2.59	0.35
	2.18	0.60	2.58	0.35
	10.40	1.61	8.73	3.75
	2.05	0.30	3.37	0.77
	8.13	0.74	2.87	0.50
	2.63	0.33	3.11	1.90
	4.19	0.73	2.64	0.79
	2.92	0.30	2.46	0.48
	10.71	0.67	2.41	0.46
	1.58	0.27	2.41	0.46
	5.73	0.40	2.84	0.46
	10.95	0.27	2.49	1.02
	2.07	0.26	2.30	0.48
	5.97	0.32	2.57	0.48
	18.20	0.78	2.70	0.65
	3.47	0.26	2.69	0.60
	2.19	0.63	2.89	0.40
	1.68	0.45	3.30	0.36
	7.69	1.65	3.44	0.38
	1.91	0.53	2.37	0.32
	1.78	0.64	2.47	0.36
	1.86	0.48	2.25	0.32
	6.34	1.00	2.78	0.38
	2.37	0.57	2.74	0.35
	21.58	0.46	2.94	0.43
	1.69	0.31	2.90	0.49
	11.11	0.74	3.13	0.42
	2.31	0.32	2.91	0.41
	2.02	0.41	4.25	0.54
	2.43	0.25	2.12	0.37
	5.62	0.24	2.01	0.39
	1.71	0.27	2.42	0.37
	1.96	0.51	2.74	0.41
	2.98	0.49	2.49	0.38
	1.89	0.27	2.31	0.35
	2.21	0.29	3.08	0.40
	1.76	0.32	2.35	0.40
	1.77	0.33	2.41	0.36
	1.80	0.34	5.48	0.48
	2.82	0.27	2.45	0.47
	2.03	0.27	2.65	0.45
	1.57	0.28	2.69	0.44
	1.56	0.27	2.55	0.41
	1.46	0.27	2.57	0.40
	1.94	0.35	2.62	0.42
	2.59	0.45	4.38	0.69
	2.31	0.59	4.38	0.70
	2.32	0.59	4.53	1.38
	2.58	0.57	5.23	0.60
	8.32	0.46	4.26	0.71
	3.37	0.34	2.24	0.53
	2.87	0.43	4.08	0.69
	3.29	0.47	6.86	0.85
	3.70	1.16	5.80	0.78
	3.12	0.44	4.06	0.49
	1.47	0.29	2.81	0.48
	1.44	0.31	2.94	0.53
	1.51	0.29	2.84	0.51
	1.50	0.57	5.95	0.98
	1.50	0.56	5.76	1.09
	1.50	0.30	1.97	0.51
	2.52	0.57	5.84	1.04
	4.00	0.22	2.26	3.15
	3.77	0.27	2.70	0.65
	3.69	0.18	2.73	0.56
	4.04	0.28	2.78	0.58
	5.22	0.20	2.98	0.84
	16.88	1.78	8.51	2.81
	13.64	0.40	3.19	0.87
	13.04	0.70	2.77	0.56
	2.35	0.31	2.83	0.52
	16.08	0.70	2.87	0.77
	2.62	0.30	2.82	0.46
	8.70	1.20	6.23	1.08
	2.60	0.24	2.23	0.53
	23.01	0.56	2.77	0.52
	2.61	0.45	4.91	0.86
	2.52	0.47	4.69	0.81
	4.56	1.06	4.55	0.83
	3.29	0.27	2.45	0.53
	2.47	0.27	2.49	0.39
	14.81	0.73	3.04	0.68
	1.41	0.32	2.89	0.40
	2.43	0.44	2.60	0.42
	1.64	0.39	2.46	0.34
	1.74	0.63	2.53	0.34
	9.67	0.92	2.77	0.36
	1.79	0.67	2.68	0.34
	2.94	0.54	3.65	0.40
	1.83	0.52	2.63	0.39
	1.58	0.49	2.51	0.34
	1.43	0.47	2.90	0.34
	1.59	0.54	2.70	0.36
	9.51	0.84	2.79	0.34
	3.07	0.47	2.73	0.34
	1.54	0.53	2.95	0.36
	1.39	0.53	2.79	0.35
	1.79	0.50	2.69	0.33
	1.65	0.41	2.98	0.36
	1.46	0.43	3.65	0.35
	4.28	0.35	2.01	0.27
	1.56	0.48	2.78	0.35
	1.40	0.44	2.61	0.37
	1.38	0.52	3.43	0.36
	1.88	0.46	2.57	0.35
	4.04	0.54	2.55	0.35
	2.13	0.77	5.90	0.47
	2.36	1.16	4.83	0.48
	1.47	1.02	6.51	0.60
	1.39	1.02	6.55	0.82
	1.88	1.03	6.94	0.85
	1.58	1.08	6.56	0.85
	1.56	1.10	7.54	0.83
	1.50	1.09	6.73	0.84
	1.60	1.11	6.44	0.83
	1.47	1.09	6.51	0.83
	1.28	0.58	4.15	0.52
	2.55	0.56	2.91	0.51
	1.39	0.50	3.16	0.65
	6.37	0.60	3.06	0.77
	3.05	0.55	2.77	0.49
	2.62	0.52	2.62	1.79
	1.25	0.98	8.06	0.76
	1.33	1.03	8.67	0.77
	1.54	1.08	8.26	0.74
	1.39	0.80	8.11	0.74
	1.61	0.75	8.05	0.79
	1.54	0.81	7.94	0.73
	11.72	0.48	7.84	2.79
	13.28	0.66	2.66	0.47
	1.92	0.31	3.06	0.41
	11.00	0.81	2.46	0.43
	2.15	0.27	2.77	0.43
	33.01	0.61	2.82	0.60
	2.35	0.27	2.49	0.43
	7.86	0.67	2.56	0.43
	1.60	0.27	2.43	0.45
	1.18	0.27	2.83	0.39
	3.78	0.66	3.11	0.45
	1.57	0.30	2.49	0.45
	1.32	0.46	4.60	0.81
	3.45	0.52	5.56	0.68
	31.68	1.14	5.00	1.65
	27.43	0.33	2.67	0.43
	4.63	0.65	2.27	0.38
	1.37	0.37	2.15	0.34
	1.59	0.44	2.03	0.29
	1.60	0.52	2.22	0.29
	7.25	0.80	2.12	0.29
	1.91	0.52	2.10	0.28
	1.88	0.58	2.10	0.28
	1.74	0.52	2.05	0.27
	1.90	0.48	2.21	0.28
	9.67	0.56	2.05	0.32
	2.65	1.57	4.68	0.38
	2.11	0.45	2.44	0.40
	5.38	0.48	3.24	0.40
	2.23	0.45	2.03	0.28
	1.38	0.42	2.10	0.28
	5.74	0.37	1.75	0.27
	2.32	0.38	1.90	0.27
	2.20	0.45	1.94	0.29
	10.92	0.72	2.69	0.29
	1.89	0.51	2.61	0.32
	1.84	0.47	2.09	0.31
	1.89	0.49	2.65	0.33
	5.39	0.61	2.75	0.39
	4.86	0.59	2.68	0.42
	5.40	1.57	9.03	2.91
	6.18	0.97	10.59	1.08
	6.46	0.44	3.02	0.53
	2.48	0.60	3.03	0.41
	2.32	0.57	3.01	0.39
	2.29	0.68	2.75	0.38
	2.91	0.81	4.39	0.67
	2.84	0.90	4.35	0.66
	8.06	0.73	10.39	0.83
	9.41	0.50	2.40	0.34
	2.60	0.80	3.39	0.55
	2.23	0.48	2.92	0.40
	2.50	0.42	2.62	0.33
	1.71	0.42	2.31	0.30
	1.94	0.50	2.38	0.28
	2.00	0.77	2.39	0.38
	1.63	0.49	2.36	0.32
	1.80	0.44	2.54	0.38
	2.32	0.94	2.62	0.42
	3.20	0.88	4.66	0.66
	2.73	0.75	2.65	0.37
	1.75	0.71	2.82	0.59
	2.33	0.94	2.79	0.44
	2.15	0.57	2.59	0.32
	1.93	0.50	2.78	0.32
	2.18	0.57	2.80	0.54
	1.79	0.73	2.89	0.33
	2.73	0.41	2.81	0.55
	2.56	0.40	2.50	0.34
	8.58	0.37	5.19	1.62
	3.98	0.26	4.52	0.74
	14.57	0.65	2.87	0.42
	1.98	0.31	2.54	0.41
	13.42	0.78	3.01	0.79
	1.85	0.20	1.90	0.34
	3.93	0.65	2.68	0.38
	4.53	0.69	3.29	0.76
	2.94	0.33	2.93	0.37
	1.34	0.23	2.01	0.41
	4.78	0.44	2.16	0.35
	3.78	0.22	1.83	0.37
	4.43	0.58	2.14	0.36
	2.70	0.24	1.95	0.36
	3.91	0.55	2.14	0.37
	1.36	0.22	2.04	0.32
	10.70	0.55	2.20	0.38
	1.44	0.24	2.10	0.42
	3.87	0.52	2.16	0.34
	1.34	0.24	2.13	0.37
	1.40	0.28	2.05	0.36
	6.01	0.62	2.29	0.35
	1.56	0.24	2.05	0.29
	2.24	0.25	2.22	0.31
	7.19	0.52	2.94	0.32
	1.42	0.24	2.08	0.35
	2.59	0.30	2.64	0.38
	3.90	0.85	3.43	0.36
	1.41	0.30	2.87	0.42
	8.91	0.28	2.80	0.39
	4.61	0.68	3.25	0.40
	1.98	0.28	3.71	0.44
	1.46	0.30	2.70	0.35
	1.47	0.28	2.75	0.34
	6.72	0.62	3.05	0.35
	1.58	0.27	2.69	0.34
	1.46	0.28	2.94	0.43
	1.39	0.28	2.82	0.60
	4.94	0.50	2.61	0.36
	1.54	0.26	2.48	0.42
	1.45	0.27	2.48	0.38
	1.41	0.26	2.49	0.43
	1.57	0.27	2.80	0.33
	1.37	0.28	2.67	0.92
	4.22	0.37	2.93	0.42
	1.63	0.29	2.72	0.46
	37.60	0.76	3.62	0.49
	22.98	0.32	3.51	1.50
	6.37	0.51	3.06	0.47
	1.69	0.49	3.36	0.35
	1.85	0.55	3.10	0.34
	1.90	0.52	2.43	0.28
	1.90	0.50	2.44	0.31
	7.18	0.83	2.29	0.37
	2.09	1.51	9.14	0.88
	1.91	1.52	9.12	0.88
	4.98	1.05	10.99	1.50
	1.67	0.87	8.56	0.33
	1.68	0.60	3.42	0.34
	1.69	0.53	3.14	0.32
	1.64	0.56	2.35	0.35
	1.64	0.55	2.25	0.37
	1.68	0.62	2.27	0.30
	1.69	0.49	2.26	0.34
	1.71	0.55	2.32	0.36
	1.77	0.53	2.30	3.70
	3.62	0.47	2.28	0.29
	5.53	0.76	2.15	0.30
	2.36	0.49	2.25	0.31
	1.58	2.15	2.98	0.29
	2.43	0.80	2.92	0.33
	3.42	0.78	3.62	0.31
	4.56	0.43	2.85	0.32
	4.04	0.42	2.29	0.26
	1.90	0.41	2.27	0.26
	1.61	0.49	3.65	0.29
	1.46	0.53	2.86	0.29
	1.46	0.52	2.99	0.30
	1.53	0.60	3.07	0.30
	1.48	0.53	2.88	0.30
	1.60	0.54	2.90	0.30
	1.54	0.49	2.90	0.30
	1.50	0.52	2.65	0.29
	1.84	0.51	2.33	0.26
	1.56	0.48	2.93	0.30
	1.57	0.50	2.92	0.29
	1.67	0.78	3.05	0.29
	1.83	0.38	2.82	0.33
	2.19	0.40	2.81	0.31
	18.07	1.24	8.44	1.88
	2.35	0.30	3.51	0.42
	2.21	0.36	2.91	0.46
	15.31	0.67	2.79	0.71
	2.84	0.39	2.80	0.42
	5.74	0.68	2.66	0.78
	4.10	0.31	2.45	0.48
	6.09	0.71	2.53	0.45
	2.35	0.29	2.85	6.41
	1.38	0.31	2.56	0.52
	3.62	0.44	1.99	0.36
	17.00	0.28	1.93	0.37
	6.71	0.35	2.02	0.39
	1.60	0.46	1.95	0.43
	3.27	0.40	1.77	0.30
	16.15	0.74	2.10	0.43
	4.08	0.39	3.12	0.41
	4.51	0.91	3.88	0.62
	43.01	1.39	4.80	0.91
	23.52	0.75	2.77	0.52
	9.47	0.33	3.14	0.42
	2.64	0.50	2.79	0.40
	5.66	0.81	2.41	0.34
	2.06	0.40	2.50	0.34
	2.14	0.43	2.10	0.35
	7.16	0.80	2.13	0.33
	2.85	0.41	2.03	0.33
	3.06	0.49	2.20	0.44
	13.41	2.10	3.51	0.52
	2.52	0.50	2.96	1.62
	5.12	0.59	2.93	0.46
	17.60	1.01	3.00	0.48
	9.95	0.41	3.93	0.38
	2.68	0.76	3.88	0.38
	1.83	0.67	4.14	0.37
	1.94	0.71	3.91	0.39
	7.95	1.22	4.82	0.45
	2.18	0.74	4.65	0.50
	2.83	0.71	4.92	0.83
	2.68	0.74	2.85	0.44
	1.72	0.47	3.26	0.44
	6.23	0.88	2.85	0.50
	1.62	0.48	2.29	0.30
	1.66	0.47	2.20	0.29
	4.61	0.39	2.03	0.29
	1.59	0.59	2.89	0.36
	2.10	0.49	3.02	1.06
	2.49	0.46	3.16	0.95
	5.72	0.99	3.05	0.34
	1.15	0.48	2.74	0.30
	1.61	0.40	2.64	0.30
	2.41	0.41	2.59	0.30
	1.20	0.42	2.00	0.27
	0.97	0.43	1.99	0.26
	1.28	0.32	1.92	0.26
	1.06	0.41	2.04	0.32
	1.29	0.42	2.12	1.14
	1.17	0.41	2.14	0.56
	5.11	0.71	2.03	0.27
	1.30	0.35	2.12	0.27
	1.31	0.40	2.31	0.29
	1.08	0.41	2.37	0.27
	2.46	0.47	2.13	0.27
	1.73	0.45	2.78	0.30
	2.96	0.58	3.01	0.30
	1.38	0.45	2.20	0.27
	1.60	0.47	2.76	0.36
	1.51	0.50	2.10	0.28
	1.43	0.45	2.19	0.28
	1.20	0.54	2.97	0.33
	1.47	2.06	10.28	1.08
	3.21	0.52	5.11	0.29
	1.67	0.44	2.24	0.28
	1.41	0.50	2.10	0.50
	1.36	0.52	2.16	0.35
	1.44	0.58	2.36	0.27
	1.88	1.63	4.06	0.48
	1.18	0.59	3.04	0.41
	1.38	0.65	3.06	1.03
	1.06	0.35	2.00	0.37
	2.39	0.32	1.92	0.26
	2.88	0.42	2.01	0.27
	2.38	0.48	2.22	0.31
	1.42	0.47	2.14	0.41
	1.41	0.46	2.15	0.32
	1.37	0.44	2.08	0.52
	1.90	0.36	2.20	0.29
	2.55	0.42	2.15	0.28
	7.43	1.85	8.39	0.74
	2.52	0.80	3.53	0.66
	5.26	0.86	2.81	0.74
	14.31	0.91	5.03	0.47
	2.38	0.35	3.05	0.66
	5.73	0.77	4.63	0.53
	13.40	0.54	3.45	0.82
	13.88	0.73	3.94	0.55
	2.25	0.32	2.77	0.42
	1.26	0.27	2.76	4.10
	1.35	0.29	2.56	0.50
	6.81	0.64	2.74	0.47
	1.12	0.30	3.05	0.46
	1.15	0.30	2.83	0.45
	1.14	0.26	2.77	0.43
	1.02	0.39	2.87	0.50
	2.93	0.31	2.76	0.47
	4.56	0.34	3.63	0.47
	1.34	0.30	2.83	0.45
	21.16	0.71	2.97	0.50
	6.53	0.43	3.53	0.53
	1.71	0.45	2.32	0.45
	1.89	0.46	2.04	0.32
	2.43	0.58	2.12	0.95
	1.61	0.43	2.14	0.32
	2.82	0.43	2.78	0.35
	1.77	0.47	2.36	0.36
	1.74	0.46	2.29	0.33
	1.76	0.44	2.38	0.33
	1.37	0.46	2.72	0.36
	1.31	0.39	2.68	0.31
	5.59	0.53	2.60	0.33
	1.39	0.47	2.30	0.32
	1.57	0.45	2.20	0.40
	1.65	0.44	2.33	0.33
	1.63	0.39	2.41	0.35
	1.53	0.50	2.76	0.37
	1.63	0.47	3.10	0.37
	1.68	0.60	2.62	0.32
	1.54	0.40	2.68	0.83
	1.63	1.01	2.60	0.33
	1.60	0.42	2.12	0.31
	1.53	0.51	2.81	0.35
	1.58	0.48	2.12	0.30
	1.50	0.56	2.61	0.29
	1.53	0.49	2.25	0.38
	1.71	0.41	2.20	0.32
	1.70	0.57	2.79	0.33
	1.65	0.52	2.74	0.31
	1.72	0.48	2.03	0.33
	3.18	0.36	1.97	0.31
	1.86	0.37	1.99	0.32
	7.33	0.60	6.66	0.72
	21.01	0.73	3.00	0.80
	2.30	0.43	2.56	0.42
	4.90	0.35	2.58	0.57
	5.88	0.68	2.59	1.53
	3.01	0.30	2.59	1.24
	9.21	0.75	3.88	0.46
	3.27	0.30	2.66	0.45
	6.65	0.69	3.84	0.52
	1.87	0.34	2.70	0.48
	2.52	0.29	2.29	0.40
	4.54	0.29	2.24	0.33
	18.34	0.34	2.09	0.36
	7.26	0.28	2.01	0.31
	5.98	0.40	2.12	0.30
	5.22	0.64	2.03	0.25
	3.94	0.45	1.79	0.26
	6.31	0.68	1.88	0.26
	2.27	0.40	1.88	0.27
	25.59	0.79	2.10	0.37
	1.80	0.26	2.03	0.38
	4.35	0.55	2.16	0.31
	1.67	0.23	2.10	0.32
	1.95	0.29	1.99	0.41
	5.13	0.73	2.67	0.46
	14.35	0.45	2.79	0.42
	1.99	0.26	2.14	1.82
	4.59	0.76	4.29	0.34
	1.51	0.36	1.97	0.27
	3.02	0.45	1.92	0.27
	2.27	0.43	1.96	0.29
	4.30	0.57	2.52	0.39
	27.10	0.35	2.22	0.36
	1.89	0.25	2.06	0.33
	3.74	0.31	7.36	0.33
	2.09	0.28	2.43	0.44
	4.55	0.56	3.32	0.45
	1.50	0.28	2.75	0.41
	1.31	0.28	4.16	0.60
	1.96	1.71	2.89	0.56
	3.70	0.32	2.58	0.38
	2.93	0.27	5.64	0.48
	3.28	0.27	2.30	2.13
	2.24	0.41	2.41	0.40
	1.61	0.42	2.29	0.36
	4.93	0.69	2.38	0.39
	1.86	0.61	2.64	0.36
	1.74	0.53	2.69	0.44
	1.70	0.52	2.54	0.36
	1.39	0.93	5.62	1.40
	1.48	0.60	2.43	0.33
	2.29	0.49	2.51	0.33
	1.39	0.47	2.66	0.30
	1.38	0.57	3.04	0.33
	4.27	0.39	1.90	0.29
	3.35	0.49	1.96	0.30
	1.65	0.43	2.10	0.29
	1.60	0.45	1.97	0.28
	1.69	0.47	2.11	0.31
	9.44	0.75	2.06	0.28
	2.02	0.45	2.68	0.30
	2.79	0.51	2.09	0.28
	1.99	0.44	2.09	0.27
	4.23	0.39	1.90	0.29
	2.54	0.44	2.88	0.30
	2.39	0.50	2.07	0.99
	2.39	0.58	2.02	0.28
	2.58	0.45	2.56	0.29
	2.31	0.48	2.04	0.28
	3.52	0.48	1.97	0.30
	3.02	0.52	2.03	0.28
	2.28	0.49	2.05	0.29
	2.26	0.90	2.19	0.30
	2.77	0.54	2.22	0.29
	2.14	0.47	2.14	0.29
	3.10	0.58	3.00	0.32
	2.86	0.57	3.05	0.27
	1.77	0.42	2.75	0.33
	1.80	0.41	2.63	0.33
	1.65	0.61	3.12	0.30
	1.82	0.41	2.62	0.33
	2.99	0.46	2.53	0.34
	2.10	0.44	3.19	0.33
	1.80	0.67	3.10	0.49
	2.09	0.51	2.61	0.33
	1.89	0.39	2.90	0.58
	20.32	1.38	7.04	1.61
	2.01	0.30	3.23	0.37
	5.83	0.67	3.06	0.49
	1.82	0.25	2.93	0.34
	7.40	0.62	3.03	0.47
	1.92	0.26	2.81	0.37
	13.91	0.65	3.46	0.42
	2.97	0.30	3.15	0.35
	6.90	0.65	3.73	0.36
	1.51	0.37	5.95	0.50
	2.14	0.34	4.38	0.37
	1.49	0.34	5.33	0.41
	11.38	0.87	5.62	0.47
	3.20	0.37	4.26	0.30
	1.21	0.47	5.29	2.62
	1.39	0.76	5.06	0.40
	1.35	0.59	5.54	0.38
	1.33	0.56	5.59	0.37
	11.73	1.01	20.16	1.26
	1.45	1.19	16.65	0.55
	3.29	0.59	7.18	0.51
	1.24	0.49	6.56	0.43
	1.32	0.62	6.09	0.39
	1.38	0.58	6.29	0.43
	1.28	0.67	8.87	0.46
	1.30	0.70	7.72	0.49
	1.32	0.79	9.69	0.52
	6.59	2.00	10.91	0.67
	1.07	0.75	9.04	0.39
	1.20	0.63	6.88	0.40
	1.18	0.65	7.53	0.40
	1.00	0.73	6.88	0.40
	2.13	0.97	16.47	1.30
	2.20	0.56	7.90	0.46
	1.94	0.58	4.44	0.30
	1.82	0.64	5.01	0.65
	3.26	0.63	4.22	1.83
	2.08	0.65	5.95	0.36
	1.88	0.62	5.81	0.36
	1.84	0.64	5.95	1.59
	1.83	0.79	9.78	0.52
	3.76	1.12	10.80	0.43
	6.02	0.57	6.39	0.36
	1.35	0.67	5.90	0.39
	1.53	0.71	5.73	0.39
	1.75	3.80	6.40	0.43
	1.66	0.70	6.09	0.44
	1.73	0.76	5.85	0.39
	3.52	0.71	6.04	0.43
	1.69	0.66	6.67	0.40
	2.12	0.69	5.86	0.39
	1.63	0.64	6.04	0.39
	8.75	4.47	27.40	2.21
	5.91	0.72	18.75	1.54
	16.12	0.89	8.05	0.44
	1.81	0.40	11.59	0.79
	7.25	0.83	8.05	0.40
	1.82	0.43	6.14	0.39
	14.40	1.00	6.79	0.41
	1.22	0.34	4.72	0.47
	8.30	0.86	6.03	0.46
	2.18	0.45	5.47	0.37
	2.24	0.40	4.70	0.38
	1.41	0.35	4.98	0.35
	1.27	0.36	5.02	0.30
	6.88	0.86	5.46	0.38
	2.20	0.44	5.48	0.50
	1.54	0.45	6.18	0.71
	1.44	0.42	6.84	0.47
	1.35	0.37	5.19	0.45
	6.13	0.85	5.55	0.37
	1.62	0.48	7.04	0.46
	1.39	0.40	4.99	0.37
	1.27	3.15	5.80	0.76
	1.35	0.43	6.92	0.47
	2.00	0.50	7.19	0.49
	1.39	0.45	7.84	0.45
	2.07	0.47	7.44	0.50
	7.25	1.01	7.74	0.52
	1.42	0.55	8.09	0.42
	1.99	0.46	7.10	0.42
	1.61	0.45	6.65	0.40
	1.42	0.44	6.95	0.41
	1.38	0.59	6.43	0.47
	2.53	0.42	5.84	0.40
	1.34	0.33	4.31	0.36
	1.22	0.35	4.43	0.39
	1.02	0.33	4.89	0.42
	1.18	0.33	4.51	0.75
	1.18	0.33	4.60	0.37
	1.11	0.37	5.23	0.39
	1.16	0.34	4.43	0.34
	1.23	0.34	4.52	0.39
	1.12	0.34	4.40	0.35
	1.44	0.42	5.88	0.37
	1.20	0.40	6.57	0.39
	1.39	0.42	6.14	0.41
	1.03	0.40	5.83	0.36
	1.26	0.34	4.65	0.37
	1.27	0.34	4.78	0.38
	1.35	0.41	4.73	0.38
	1.07	0.39	4.61	0.45
	0.98	0.52	4.75	0.38
	1.04	0.47	4.65	0.35
	0.97	0.36	4.71	0.41
	3.39	0.30	4.98	0.46
	3.24	0.28	4.88	0.37
	11.71	2.06	14.09	1.63
	2.81	0.35	5.96	0.48
	5.54	0.93	7.27	0.60
	2.42	0.49	6.04	0.46
	7.28	0.92	5.42	0.49
	12.77	0.37	5.39	1.07
	6.61	0.95	4.87	0.47
	2.11	0.40	6.11	0.53
	4.82	0.61	6.22	0.47
	1.03	0.30	3.86	0.60
	3.19	0.37	4.53	0.41
	9.47	0.47	3.60	0.44
	2.10	0.30	3.75	0.68
	5.99	0.59	3.81	0.45
	4.89	0.67	3.37	0.51
	2.00	0.29	2.93	0.50
	4.42	0.39	3.18	0.72
	6.02	0.72	2.85	0.52
	22.30	0.84	4.09	0.57
	12.03	0.36	3.45	0.45
	1.86	0.67	3.95	0.46
	2.25	0.63	2.78	0.36
	6.54	0.92	2.98	0.54
	2.55	0.44	4.14	0.36
	3.55	0.44	2.34	0.42
	10.24	0.74	2.68	0.37
	4.81	0.47	2.44	0.38
	6.85	0.92	2.60	0.37
	2.79	0.51	3.80	0.39
	3.13	0.47	2.83	0.33
	2.20	0.40	2.65	0.35
	4.87	0.48	2.81	0.37
	18.13	0.80	2.65	0.49
	10.13	0.37	2.51	0.36
	2.53	0.50	2.78	0.37
	2.38	0.58	2.75	0.37
	2.37	0.63	2.77	1.07
	2.73	0.51	2.63	0.37
	4.39	0.51	3.03	0.39
	5.49	0.61	2.37	0.37
	6.79	0.86	2.61	0.37
	2.17	0.51	2.53	0.40
	2.76	0.57	2.76	0.37
	2.36	0.61	2.54	0.36
	3.11	0.53	2.79	0.39
	10.99	0.43	2.84	0.40
	3.93	0.47	5.11	0.48
	2.26	0.28	2.58	2.04
	1.79	0.41	2.69	0.35
	3.65	0.86	2.70	0.38
	1.90	0.55	2.82	0.36
	3.66	0.59	2.43	0.36
	2.03	0.51	2.67	0.28
	1.87	0.47	2.69	0.53
	1.95	0.46	2.13	0.30
	1.92	0.57	2.19	0.31
	1.88	0.41	2.24	0.31
	2.21	0.48	2.32	0.32
	2.17	0.47	2.22	0.30
	2.18	0.46	2.19	0.32
	2.51	0.48	2.25	0.32
	2.21	0.45	2.24	0.31
	2.17	0.47	2.21	0.31
	2.67	0.52	2.82	0.37
	4.46	0.49	2.50	0.36
	2.38	0.56	2.94	0.43
	5.18	0.47	2.48	0.36
	3.12	0.53	2.56	0.37
	1.96	0.65	2.76	0.51
	2.41	0.56	2.84	0.37
	3.46	0.72	2.50	0.36
	2.44	0.68	2.70	0.36
	4.32	0.47	2.37	0.37
	2.50	0.46	2.62	0.38
	2.70	0.49	2.56	0.37
	2.66	0.52	2.59	0.36
	2.42	0.56	2.58	0.35
	2.55	0.57	2.49	0.38
	2.23	0.60	3.58	0.40
	2.06	0.47	2.37	0.33
	2.18	0.47	2.51	0.36
	2.82	0.39	2.44	0.34
	2.29	0.41	2.46	0.33
	9.72	0.85	6.07	0.67
	12.78	0.40	4.04	1.11
	13.62	1.23	8.48	0.97
	13.62	0.38	2.48	0.72
	16.40	0.39	2.02	0.40
	3.69	0.23	1.90	0.38
	4.53	0.23	1.94	0.38
	20.90	0.59	2.09	0.41
	2.42	0.24	2.11	0.39
	1.62	0.24	1.96	0.44
	34.40	0.56	1.97	0.43
	3.11	0.27	1.80	1.26
	1.88	0.39	1.97	0.39
	3.98	0.39	1.89	0.33
	5.23	0.98	7.85	1.21
	2.73	0.41	2.17	0.33
	5.71	0.78	2.13	0.36
	5.17	0.43	2.01	0.35
	4.04	0.43	1.93	0.36
	2.66	3.72	1.97	0.33
	2.37	0.51	1.98	0.32
	2.06	0.40	1.78	0.30
	1.92	0.37	1.72	0.30
	5.08	0.38	1.82	0.31
	2.39	0.42	1.88	0.32
	2.32	0.39	1.91	0.28
	2.00	0.47	1.89	0.27
	2.10	0.43	1.93	0.27
	2.52	0.46	2.00	0.30
	1.98	0.41	1.93	0.26
	1.77	0.47	2.16	0.29
	1.97	0.45	1.99	0.27
	2.01	0.44	1.96	0.27
	2.20	0.51	1.97	0.29
	5.46	0.75	2.27	1.23
	3.50	0.55	2.27	0.32
	2.42	0.41	2.06	0.27
	1.71	0.37	1.97	0.28
	1.72	0.37	1.95	0.27
	1.72	0.37	2.02	0.32
	2.12	0.50	2.08	0.29
	1.97	0.46	2.11	0.34
	1.96	0.38	2.10	0.37
	3.10	0.79	2.28	0.34
	3.47	0.50	2.13	0.29
	2.39	0.38	2.04	0.29
	11.40	0.97	12.44	2.43
	7.25	1.05	3.26	0.52
	5.72	0.40	3.20	0.50
	13.02	1.53	4.67	0.52
	1.65	0.77	2.34	1.48
	7.33	0.76	2.23	0.61
	1.52	0.33	2.20	0.34
	4.27	0.71	2.22	0.37
	1.35	0.27	2.21	0.40
	3.61	0.58	2.20	0.33
	1.17	0.24	1.97	0.33
	12.96	0.58	2.08	0.39
	1.51	0.33	2.10	0.43
	3.89	0.64	2.32	0.38
	1.27	0.26	2.57	0.46
	3.90	0.58	2.08	0.36
	1.23	0.31	2.02	0.36
	4.90	0.79	2.18	0.37
	24.21	0.71	3.29	0.54
	13.32	0.38	3.96	1.06
	1.26	0.45	3.08	0.46
	3.76	0.81	2.51	0.39
	2.56	0.56	2.65	0.40
	3.99	0.84	2.71	0.29
	1.42	0.48	2.05	0.28
	4.64	0.76	2.32	0.27
	1.19	0.51	2.36	0.28
	2.86	0.37	2.11	0.29
	3.98	0.82	2.93	0.32
	1.39	0.39	2.72	0.35
	1.30	0.43	2.67	0.36
	10.77	1.38	3.11	0.37
	1.21	0.38	3.00	0.31
	1.40	0.44	2.72	0.29
	1.39	0.39	3.04	0.67
	3.92	0.79	4.83	1.31
	1.93	0.48	3.15	0.35
	2.12	0.51	6.12	6.34
	3.64	0.73	3.05	0.42
	6.08	0.99	3.31	0.41
	1.79	0.61	3.31	0.46
	1.87	0.74	3.80	0.50
	4.14	0.65	4.14	0.51
	1.40	0.59	2.87	0.35
	6.86	1.39	6.86	0.79
	3.08	0.55	3.28	0.53
	2.07	0.56	3.03	0.40
	1.85	0.56	5.06	0.41
	2.60	0.56	2.71	0.39
	1.41	0.59	3.00	0.39
	5.75	0.75	2.09	0.28
	4.49	0.38	2.10	0.30
	1.39	0.49	2.33	0.37
	1.49	0.45	2.12	0.41
	1.38	0.46	2.13	0.35
	1.32	0.47	2.17	0.49
	1.27	0.50	2.02	0.57
	1.38	0.53	2.15	0.34
	4.15	0.75	2.26	0.30
	1.35	0.46	2.43	0.29
	1.45	0.43	2.33	0.29
	1.36	0.45	2.39	0.27
	1.47	0.47	2.30	0.32
	1.84	0.45	2.29	0.27
	1.66	0.39	2.44	0.29
	1.33	0.54	2.57	0.30
	2.56	0.53	3.10	0.39
	4.59	0.46	2.75	0.39
	2.16	0.77	3.29	0.48
	2.18	0.61	3.10	0.38
	1.79	0.52	3.08	0.46
	1.45	0.85	3.25	0.38
	2.35	0.68	3.38	0.41
	9.79	1.23	2.91	0.36
	5.89	0.56	3.55	0.39
	1.58	0.67	3.32	0.45
	1.40	0.60	2.96	0.39
	16.50	1.58	3.22	0.53
	10.48	0.34	3.06	0.35
	1.18	0.42	2.67	16.52
	1.07	0.45	2.77	13.05
	1.04	0.41	2.61	13.46
	1.01	0.42	2.61	13.92
	1.15	0.76	4.99	10.98
	1.08	0.78	4.92	11.43
	1.30	0.56	3.23	12.72
	1.35	0.56	3.00	12.67
	1.35	0.57	2.94	12.88
	1.36	0.66	2.94	13.22
	1.23	0.74	2.80	12.87
	3.55	0.58	3.28	12.77
	1.63	0.32	2.24	13.95
	5.17	0.33	2.22	13.31
	3.88	0.35	2.19	14.25
	20.71	0.81	7.66	1.65
	2.30	0.32	2.91	0.48
	3.95	0.64	2.67	0.49
	1.34	0.24	2.03	0.34
	3.52	0.65	2.67	0.46
	1.37	0.31	2.80	0.49
	3.94	0.68	3.42	0.39
	9.80	0.29	2.61	0.50
	4.08	0.73	2.94	0.62
	1.02	0.29	2.90	0.51
	1.19	0.37	3.04	0.55
	1.23	0.24	2.20	0.42
	3.74	0.63	2.50	0.44
	2.77	0.36	2.09	0.44
	1.28	0.26	2.13	0.43
	3.26	0.33	2.24	0.49
	3.63	0.53	2.26	0.46
	1.48	0.27	3.60	0.51
	1.31	0.25	2.12	0.41
	15.98	0.35	3.18	0.73
	18.62	0.67	2.45	0.43
	11.25	0.34	2.28	0.59
	1.87	0.39	2.09	0.26
	1.98	0.43	1.87	0.28
	1.58	0.40	1.86	0.27
	4.91	0.83	4.99	0.99
	1.94	0.86	3.29	0.36
	1.91	0.60	2.93	0.33
	1.69	0.62	3.17	0.35
	1.73	0.53	2.82	0.50
	1.75	0.50	2.83	0.37
	4.47	0.85	2.86	0.36
	2.32	0.48	2.25	0.28
	1.90	0.41	2.44	0.28
	1.75	0.46	2.38	0.29
	1.73	0.50	2.24	0.30
	2.02	0.48	2.50	0.36
	1.74	0.43	2.67	0.35
	5.37	0.38	2.96	0.38
	1.83	0.49	2.49	0.75
	5.07	0.77	2.07	0.27
	1.76	0.58	2.21	0.28
	1.87	0.53	2.77	0.31
	1.81	0.51	2.52	0.31
	1.71	0.48	2.22	0.32
	1.97	0.45	2.23	0.26
	1.95	0.44	2.20	0.25
	1.86	0.51	2.27	0.27
	1.77	0.53	2.14	0.26
	1.77	1.23	2.23	0.32
	3.26	0.45	1.98	0.28
	1.81	0.49	2.04	0.27
	1.82	0.46	2.09	0.27
	2.13	0.41	2.09	0.28
	1.89	0.49	2.51	0.31
	1.73	0.62	2.26	0.26
	1.61	1.11	2.08	0.29
	1.79	0.64	3.02	0.32
	1.90	0.48	2.36	0.29
	1.80	0.49	2.17	0.28
	2.10	0.57	3.12	0.40
	2.15	0.50	2.97	0.38
	2.24	0.58	3.10	0.46
	2.24	0.52	3.00	0.39
	2.27	0.54	3.03	0.40
	2.77	0.56	2.92	0.40
	4.66	0.59	2.55	0.33
	2.24	0.56	2.95	0.40
	3.00	0.56	2.94	0.40
	3.30	0.53	2.81	0.39
	3.03	0.65	4.44	1.37
	4.87	0.56	6.47	2.15
	3.39	0.32	1.83	0.28
	4.33	0.59	2.01	0.42
	3.05	0.30	2.45	3.68
	3.68	0.64	2.59	1.53
	1.64	0.27	2.52	0.43
	16.39	0.97	2.98	0.49
	1.81	0.35	2.72	0.41
	1.90	0.26	1.95	0.39
	3.74	0.54	2.57	0.45
	1.82	0.30	2.45	0.45
	2.02	0.30	2.54	0.42
	3.55	0.43	4.04	0.59
	3.94	0.46	4.19	0.59
	2.23	0.27	2.02	0.43
	5.52	0.58	2.09	0.41
	2.16	0.24	2.04	2.23
	7.47	1.00	4.67	0.46
	1.53	0.42	3.20	0.74
	1.77	0.29	2.66	0.38
	1.82	0.30	2.73	0.38
	1.96	0.32	3.31	0.59
	3.98	0.76	4.17	0.69
	2.59	0.33	2.54	0.44
	3.59	0.27	2.16	0.44
	6.59	0.25	2.72	0.46
	5.65	0.25	2.37	0.39
	5.27	0.22	2.01	2.30
	5.49	0.25	2.01	0.77
	5.91	0.23	2.01	0.40
	4.80	0.25	2.14	0.38
	6.17	0.26	2.26	0.35
	1.68	0.37	2.60	0.34
	1.65	0.24	1.87	0.60
	1.70	0.35	1.88	0.32
	5.24	0.25	1.90	0.33
	3.69	0.31	2.25	0.34
	2.77	0.29	1.99	0.33
	2.43	0.27	2.62	0.33
	2.11	0.25	2.05	0.32
	2.89	0.29	2.50	0.35
	2.92	0.23	2.47	0.33
	1.78	0.24	2.10	0.37
	1.79	0.24	1.98	0.36
	1.72	0.25	2.04	0.36
	2.81	0.23	1.99	0.37
	1.96	0.23	1.94	0.35
	2.47	0.29	2.80	0.65
	2.28	0.29	2.78	0.52
	2.16	0.31	2.59	0.41
	2.22	0.30	2.67	0.42
	2.23	0.30	2.59	0.55
	2.28	0.34	2.61	0.45
	2.46	0.22	2.57	0.45
	2.26	0.22	2.57	0.42
	7.46	1.31	8.37	0.69
	3.17	0.82	3.65	0.61
	11.05	1.38	6.46	1.08
	2.09	0.24	2.62	0.44
	4.50	0.58	4.60	0.72
	15.82	0.55	10.47	1.50
	1.82	0.37	2.40	0.34
	4.95	0.93	8.08	1.30
	15.30	2.63	6.55	0.80
	5.04	0.45	5.23	0.41
	1.71	0.42	2.04	0.37
	1.63	0.46	1.80	0.29
	3.79	0.58	1.93	0.29
	3.45	0.42	1.78	0.28
	3.78	0.41	1.72	0.30
	2.34	0.49	1.89	0.30
	5.25	0.72	1.95	0.27
	11.50	0.38	1.82	0.29
	1.76	0.47	1.92	0.30
	3.95	0.48	2.99	0.40
	4.78	0.83	2.93	0.36
	2.20	0.50	2.36	0.39
	2.31	0.49	2.49	0.39
	1.84	0.43	2.32	0.35
	4.98	0.79	2.55	1.02
	2.23	0.46	1.98	0.31
	3.16	0.41	1.94	0.29
	2.64	0.43	2.06	0.29
	5.54	0.41	1.98	0.33
	6.01	0.80	2.24	0.29
	30.17	0.47	2.28	0.51
	5.45	0.65	6.74	0.67
	3.18	0.39	2.12	0.36
	2.52	0.50	2.07	0.34
	2.18	0.50	2.08	0.33
	18.88	0.76	2.48	0.36
	18.82	0.28	2.57	0.43
	1.84	0.26	2.16	0.35
	1.93	0.26	2.14	0.38
	1.48	0.32	2.26	0.39
	1.88	0.26	2.26	0.44
	1.55	0.24	2.01	0.44
	1.56	0.24	2.04	0.36
	1.79	0.24	2.11	0.38
	3.31	0.28	3.17	0.62
	1.86	0.29	2.88	2.54
	3.89	0.31	3.21	0.54
	11.38	0.71	3.35	0.56
	4.49	0.29	2.93	0.60
	4.27	0.68	5.78	0.63
	2.26	0.79	5.39	0.62
	2.19	0.48	3.20	0.56
	5.00	1.38	3.53	4.88
	2.90	0.40	2.91	0.50
	2.73	0.39	3.02	0.59
	1.98	0.32	3.27	0.51
	2.49	0.40	3.04	0.44
	2.42	0.35	2.96	0.42
	2.47	0.33	4.81	0.43
	11.52	0.34	4.72	0.63
	4.07	0.36	3.27	0.62
	2.76	0.39	3.69	0.47
	2.25	0.31	2.84	2.00
	3.25	0.47	3.03	0.38
	1.80	0.58	4.43	0.39
	2.34	0.58	2.94	0.36
	2.26	0.60	3.04	0.36
	2.29	0.68	2.87	0.60
	2.68	0.40	2.23	0.28
	2.25	0.41	2.12	0.32
	18.06	1.73	7.69	0.83
	3.53	0.46	3.88	0.94
	2.91	0.36	3.21	0.88
	7.98	0.93	3.99	0.56
	6.45	0.84	3.97	0.86
	2.08	0.63	3.07	1.29
	18.80	0.69	2.87	0.98
	2.21	0.31	3.22	0.53
	5.50	0.71	2.97	0.51
	1.46	0.30	2.72	0.50
	1.60	0.28	2.93	0.55
	1.50	0.28	2.56	0.47
	11.35	0.70	2.70	0.69
	1.88	0.49	3.12	0.45
	1.58	0.32	2.50	0.41
	1.63	0.28	2.59	0.49
	1.44	0.26	2.52	0.52
	1.42	0.29	2.72	0.48
	4.75	1.08	2.74	0.51
	1.46	0.30	2.76	0.48
	1.42	0.34	3.04	0.48
	1.67	0.30	2.64	0.50
	1.58	0.28	2.60	0.45
	1.44	0.28	2.72	0.98
	1.42	0.29	2.56	0.46
	2.84	0.28	2.52	0.47
	1.50	0.28	2.61	0.50
	4.29	0.65	2.65	0.36
	1.46	0.29	2.63	0.44
	1.52	0.40	2.72	0.52
	1.49	0.32	2.87	0.46
	1.55	0.30	2.91	0.50
	1.40	0.90	2.79	0.48
	3.04	0.39	2.58	0.37
	1.70	0.28	2.57	0.39
	1.40	0.28	2.48	0.36
	1.39	0.28	2.56	0.39
	1.35	0.27	2.58	0.38
	1.46	0.28	2.51	0.37
	1.40	0.26	4.01	0.68
	1.43	0.30	2.49	0.41
	1.55	0.29	2.45	0.37
	1.39	0.30	2.52	0.48
	1.41	0.28	2.59	0.46
	1.48	0.28	2.61	0.44
	1.37	0.33	2.56	0.43
	1.42	0.27	2.51	0.41
	1.42	0.33	2.58	0.43
	1.36	0.30	2.57	0.45
	1.50	0.27	2.80	0.48
	1.40	0.21	2.71	0.47
	1.40	0.27	2.53	0.52
	1.59	0.20	2.62	0.48
	1.42	0.20	2.56	0.45
	25.14	1.66	8.82	3.13
	1.99	0.53	3.80	0.55
	9.91	1.33	3.18	0.67
	2.84	0.42	2.64	0.50
	5.80	0.71	2.94	1.71
	5.51	0.35	2.83	0.46
	5.87	0.61	2.42	0.43
	2.57	0.36	2.44	0.65
	7.25	0.72	3.05	0.51
	1.39	0.29	2.60	0.47
	4.16	0.63	2.73	0.47
	2.85	0.44	2.59	0.47
	17.18	0.34	2.42	0.52
	10.60	0.65	2.77	0.46
	2.47	0.47	2.64	0.46
	4.27	0.51	2.34	0.37
	5.36	0.86	2.56	0.37
	2.41	0.52	2.36	0.37
	5.85	0.91	2.48	0.37
	19.08	0.72	3.69	0.46
	6.43	0.30	2.20	0.82
	4.67	0.49	3.34	0.36
	5.80	0.84	2.81	0.37
	4.02	0.40	2.96	0.46
	7.88	1.02	2.39	0.38
	2.49	0.42	2.39	0.36
	18.31	0.83	2.54	0.37
	6.55	0.32	2.27	1.62
	3.48	0.80	2.48	0.33
	4.81	0.78	2.51	0.32
	1.82	0.45	2.33	0.46
	2.37	0.54	2.22	0.29
	3.96	0.66	2.00	0.28
	7.66	0.36	1.94	0.28
	2.00	0.81	1.98	0.29
	3.78	0.41	1.96	0.28
	5.31	0.74	2.10	0.31
	3.29	0.45	2.00	0.25
	1.92	0.41	1.97	0.26
	4.45	0.63	2.12	0.32
	1.64	0.38	2.19	0.32
	1.50	0.58	2.42	0.29
	2.47	0.42	2.29	0.39
	3.31	0.47	2.18	0.34
	1.83	0.46	2.22	0.35
	3.54	0.65	2.44	0.35
	4.67	0.42	2.09	0.32
	1.81	0.41	2.74	1.24
	2.99	0.46	2.78	0.32
	1.66	0.48	2.43	0.35
	3.76	0.48	2.28	0.34
	3.25	0.39	1.73	0.28
	5.32	0.76	1.85	0.30
	1.99	0.48	1.98	0.28
	2.14	0.45	1.90	0.28
	1.85	0.52	2.04	0.30
	1.86	0.45	2.14	0.28
	3.62	0.62	2.64	0.39
	2.84	0.56	2.62	0.39
	12.73	0.96	3.17	2.66
	2.86	0.50	2.73	0.39
	2.83	0.58	2.67	0.40
	2.54	0.57	2.82	0.41
	2.67	0.57	2.65	0.41
	2.66	0.53	2.57	0.40
	2.64	0.54	2.83	0.40
	3.84	0.46	2.48	0.39
	5.95	0.50	2.54	0.33
	3.45	0.52	2.62	0.45
	4.18	0.52	2.45	0.44
	6.83	0.52	2.35	0.38
	2.47	0.56	2.52	0.35
	7.15	0.96	2.56	0.37
	4.73	0.57	2.59	0.39
	2.94	0.60	2.65	0.37
	2.80	0.51	3.15	1.21
	2.88	0.62	2.82	0.41
	2.87	0.49	2.70	0.40
	2.55	1.28	5.17	0.38
	2.55	0.61	2.59	0.39
	2.54	1.69	2.62	0.41
	2.62	1.64	1.88	0.27
	2.67	0.53	2.51	0.40
	4.66	0.51	2.58	0.40
	2.35	0.50	2.60	0.39
	2.78	0.57	2.66	0.40
	2.50	0.53	2.72	0.39
	3.92	0.45	2.62	0.40
	4.43	0.45	2.37	0.37
	2.42	0.52	2.57	0.45
	2.81	0.62	2.61	0.37
	2.19	0.64	2.51	0.38
	2.15	0.51	2.51	0.37
	2.58	0.99	2.48	0.37
	2.18	0.67	2.90	0.50
	2.20	0.52	2.51	0.36
	3.64	0.96	5.61	0.62
	2.56	0.55	2.64	0.43
	2.90	0.62	2.63	0.38
	2.41	0.46	2.52	0.38
	2.54	0.36	2.51	0.38
	2.33	0.46	2.49	0.37
	11.32	1.81	7.71	2.18
	2.80	0.53	2.95	0.50
	8.17	0.84	4.08	0.54
	3.02	0.30	2.69	0.51
	4.22	0.51	2.63	0.51
	8.36	0.42	3.16	0.71
	6.66	0.85	2.91	0.53
	2.59	0.31	2.64	0.51
	4.30	0.49	2.67	0.50
	1.82	0.29	2.37	0.49
	5.19	0.35	2.39	0.47
	11.22	0.66	2.67	0.67
	24.08	0.76	2.66	0.49
	2.21	0.30	2.45	0.46
	5.49	0.76	2.59	0.45
	2.14	0.30	2.30	0.45
	4.15	0.49	2.33	0.44
	3.84	0.29	2.21	0.39
	24.94	0.73	2.63	0.60
	2.46	0.30	2.62	0.45
	5.47	0.70	2.70	0.48
	3.72	0.33	2.49	0.47
	2.25	0.28	2.72	0.51
	3.42	0.45	2.46	0.48
	2.00	0.39	2.44	0.53
	12.05	0.33	2.23	0.65
	4.16	0.28	2.25	0.43
	4.97	0.69	2.48	0.36
	1.93	0.28	2.54	0.46
	2.04	0.28	2.56	0.48
	6.63	0.66	2.59	0.42
	1.78	0.29	4.13	1.01
	2.08	0.29	2.37	0.47
	2.08	0.27	2.34	0.50
	4.99	0.67	2.81	0.49
	1.90	0.34	2.51	0.37
	3.38	0.31	2.40	0.46
	1.94	0.25	2.44	0.43
	34.11	0.61	2.59	0.52
	23.06	0.39	3.37	0.43
	2.03	1.21	2.76	0.48
	2.98	0.55	2.48	0.36
	2.17	0.57	2.53	0.37
	5.93	0.49	2.32	0.37
	2.98	0.52	2.36	0.36
	10.47	0.76	2.77	0.34
	2.29	0.63	2.61	0.66
	2.22	0.53	2.49	0.44
	2.25	0.52	2.52	0.37
	2.23	0.57	3.09	0.39
	3.61	0.45	2.41	0.33
	2.39	0.50	2.26	0.34
	2.25	0.51	2.37	0.34
	4.33	0.42	3.86	0.35
	2.69	0.52	2.30	0.33
	2.42	0.65	2.53	0.35
	2.46	0.52	2.42	0.33
	15.15	0.91	3.37	0.41
	5.19	0.41	2.84	0.32
	2.65	0.48	2.53	0.33
	4.30	0.48	2.48	0.33
	2.66	0.46	2.62	0.33
	2.45	0.53	2.65	0.32
	12.08	0.46	2.72	0.46
	2.69	0.46	2.57	0.35
	4.14	0.43	2.43	0.32
	3.14	0.49	2.54	0.33
	2.83	0.51	2.73	0.35
	2.46	0.53	2.61	0.41
	5.24	0.45	2.38	0.32
	3.08	0.49	2.63	0.32
	3.52	0.53	2.56	0.33
	2.24	0.54	2.61	0.34
	2.34	0.59	3.08	0.33
	2.08	1.99	2.85	0.34
	5.67	0.82	2.59	0.33
	2.29	0.83	3.80	0.35
	3.61	0.46	2.82	0.34
	2.22	0.57	3.28	0.34
	2.26	0.54	3.38	0.33
	2.24	1.32	2.96	0.34
	2.30	0.66	4.14	0.35
	2.31	0.61	3.03	0.64
	2.25	2.61	2.86	0.33
	2.28	0.67	2.82	0.34
	2.23	0.62	3.02	0.43
	2.23	0.50	2.82	0.33
	2.23	0.62	2.88	0.32
	2.46	1.35	3.50	0.58
	2.20	0.50	4.21	0.34
	5.44	0.47	6.36	1.77
	6.75	0.74	2.94	0.50
	2.53	0.42	2.80	0.52
	6.50	0.67	3.16	0.51
	1.90	0.58	3.66	0.87
	3.48	0.38	3.59	1.30
	6.74	0.63	2.34	0.48
	2.09	0.25	2.20	0.36
	5.39	0.42	2.10	0.45
	1.75	0.24	2.20	0.47
	3.45	0.42	2.26	0.49
	5.01	0.68	2.42	0.76
	2.25	0.25	2.26	0.39
	21.46	0.56	2.34	0.44
	13.22	0.62	2.31	0.37
	3.61	0.42	2.04	0.41
	1.98	0.41	1.93	0.28
	6.01	0.66	1.96	0.28
	3.91	0.47	1.86	0.28
	5.67	0.99	2.00	0.29
	23.09	0.84	2.09	0.40
	1.73	0.23	2.26	0.38
	1.62	0.23	1.92	0.36
	6.12	0.58	2.01	0.38
	2.72	0.26	2.62	0.52
	7.14	0.54	2.39	0.38
	23.97	0.46	2.95	0.48
	18.16	0.76	2.82	0.51
	3.70	0.35	2.57	2.47
	1.72	0.54	3.07	0.48
	6.22	0.91	2.86	0.36
	2.53	0.88	5.05	0.56
	1.63	0.87	4.86	0.58
	6.53	0.73	5.36	0.37
	5.20	0.99	2.78	0.36
	1.93	0.80	2.97	0.28
	1.78	0.47	2.66	0.35
	1.70	0.58	2.89	0.34
	1.66	0.49	2.63	0.48
	5.22	0.88	2.74	0.39
	1.39	0.49	2.93	0.34
	1.56	0.49	3.31	0.35
	2.29	0.62	4.38	0.54
	1.58	0.66	4.48	0.52
	1.71	0.56	2.84	0.36
	6.31	0.96	2.94	0.38
	9.64	1.14	11.30	0.84
	1.27	0.59	2.91	1.66
	1.86	1.57	3.82	0.38
	1.36	0.74	3.15	0.41
	1.66	1.49	8.65	0.87
	1.79	1.08	8.62	0.92
	6.10	0.77	2.68	0.54
	1.95	0.62	3.15	0.57
	2.01	0.59	3.00	0.57
	2.24	0.52	4.13	0.56
	2.37	0.58	2.93	0.34
	2.75	0.53	2.85	0.34
	3.60	1.26	8.48	3.73
	2.78	1.08	8.62	0.88
	2.61	0.52	2.70	0.44
	1.67	0.54	2.80	0.35
	1.63	0.45	2.27	0.29
	1.64	0.78	2.87	0.37
	6.97	1.76	3.13	0.30
	2.27	0.84	3.04	0.34
	1.43	0.68	3.15	0.35
	1.47	0.51	2.69	0.38
	1.64	0.58	3.04	0.35
	1.64	0.60	3.36	0.37
	1.81	0.62	3.13	0.46
	1.41	0.54	2.91	0.35
	3.91	0.90	3.32	0.28
	2.33	0.39	2.10	0.28
	2.17	0.72	2.23	0.27
	2.37	0.41	2.19	0.27
	1.80	0.46	2.49	0.28
	1.69	2.61	2.13	0.28
	1.73	0.49	3.80	0.51
	1.67	0.51	2.86	0.35
	1.84	0.47	2.83	0.35
	1.58	0.46	2.19	0.27
	1.56	0.54	2.20	0.28
	1.70	0.50	3.01	0.36
	1.60	0.45	2.24	0.27
	1.51	0.46	2.13	0.27
	1.77	0.51	2.91	0.35
	1.59	0.44	2.29	0.30
	2.99	0.42	2.11	0.29
	1.68	0.39	2.75	0.30
	9.37	0.70	8.26	0.60
	2.44	0.28	2.60	0.44
	3.57	0.64	2.69	0.51
	2.72	0.24	2.07	0.32
	4.29	0.52	2.11	0.31
	1.23	0.30	2.59	0.68
	3.74	0.54	2.09	0.37
	11.79	0.31	2.19	0.34
	4.23	0.67	2.43	0.42
	1.36	0.30	2.48	0.43
	1.37	0.24	2.13	0.50
	12.39	0.54	2.33	0.34
	1.59	0.27	2.27	0.37
	1.29	0.23	2.02	0.35
	1.33	0.23	2.06	0.36
	3.44	0.54	2.25	0.35
	1.27	0.28	2.04	0.36
	1.38	0.26	2.18	0.38
	0.98	0.35	2.68	0.41
	28.57	0.69	2.55	0.37
	16.66	0.30	2.93	1.06
	4.42	0.26	2.13	0.38
	0.98	0.41	2.42	0.32
	1.49	0.44	2.14	0.33
	4.07	0.72	2.61	0.39
	1.19	0.38	2.69	0.34
	1.31	0.40	2.83	0.30
	1.21	0.38	2.06	0.37
	1.78	0.50	2.61	0.28
	1.45	0.58	2.94	0.33
	1.36	0.51	2.69	0.35
	4.60	0.84	4.58	0.39
	1.35	0.58	3.44	0.41
	1.97	0.55	3.04	0.39
	1.29	0.54	3.31	0.40
	1.41	0.46	2.52	9.18
	1.31	0.50	2.14	0.48
	1.60	0.37	2.14	0.32
	1.56	0.42	2.21	0.31
	1.62	0.53	2.19	0.30
	1.75	0.46	2.41	0.31
	1.25	0.46	3.52	0.42
	1.84	0.43	2.69	0.34
	1.24	0.44	2.88	0.38
	4.51	0.75	2.23	0.31
	1.38	0.63	2.91	0.28
	2.15	0.43	2.51	0.29
	2.49	0.64	2.49	0.29
	7.52	0.66	2.95	0.36
	2.92	0.51	3.07	0.34
	1.41	0.61	3.39	0.35
	1.68	0.53	3.82	0.36
	1.87	0.59	3.33	0.35
	1.94	0.58	3.34	0.35
	1.97	0.79	3.15	0.79
	2.11	0.85	3.19	0.37
	2.00	0.67	3.29	0.36
	2.02	0.65	3.30	0.80
	2.00	0.87	4.23	0.38
	1.82	0.56	3.00	0.39
	2.55	0.65	2.91	0.35
	1.79	0.78	3.69	0.45
	1.71	0.58	3.13	2.94
	4.15	0.60	2.88	0.35
	1.84	0.51	2.99	0.35
	11.95	2.01	8.60	1.31
	7.01	0.31	2.93	3.83
	2.63	0.30	2.53	0.48
	7.07	0.70	2.45	0.44
	2.52	0.30	3.53	1.94
	7.91	0.69	2.56	0.47
	1.49	0.40	2.61	0.51
	6.36	0.72	2.67	0.49
	6.65	0.71	2.96	0.65
	1.19	0.32	2.77	0.46
	10.89	0.29	2.97	0.45
	2.00	0.28	2.47	0.52
	1.68	0.30	2.52	0.46
	4.27	2.58	3.08	0.48
	1.23	0.30	2.71	0.45
	1.51	0.30	2.50	0.47
	1.30	0.27	2.78	0.47
	1.56	0.30	2.48	0.44
	5.72	0.69	2.75	0.52
	2.03	0.30	2.69	0.47
	1.55	0.28	2.52	0.45
	1.31	0.28	2.66	0.52
	1.47	0.35	2.48	0.47
	6.23	0.30	2.54	0.51
	5.20	0.66	2.88	0.48
	1.12	0.42	2.62	0.54
	1.14	0.29	2.60	0.41
	1.19	0.30	2.52	0.41
	1.26	0.29	2.47	0.47
	1.17	0.27	2.41	0.42
	1.00	0.27	2.46	0.36
	1.01	0.27	2.75	0.47
	1.15	0.26	2.43	0.40
	0.97	0.40	2.64	0.48
	1.04	0.41	3.95	0.93
	1.02	0.40	2.73	0.47
	3.16	0.63	2.96	0.54
	1.01	0.38	2.80	0.45
	1.07	0.29	2.79	0.42
	1.02	0.30	2.94	0.40
	1.03	0.30	2.79	0.41
	1.07	0.30	2.89	0.41
	1.29	0.30	2.87	0.42
	1.03	0.41	2.85	0.44
	1.12	0.31	2.82	0.45
	1.12	0.32	2.89	0.43
	1.19	0.32	2.85	0.44
	1.31	0.32	2.88	0.47
	1.09	0.50	3.30	0.42
	1.08	0.38	2.80	0.40
	1.16	0.31	2.82	0.42
	1.11	0.31	3.46	0.47
	1.06	0.29	2.67	0.50
	2.54	0.38	2.65	0.48
	1.57	0.30	3.34	0.48
	1.25	0.29	2.63	0.52
	1.52	0.21	2.62	0.48
	1.24	0.21	3.43	0.84
	5.90	0.35	7.18	4.20
	13.94	0.76	3.64	0.44
	1.58	0.27	2.65	0.43
	4.21	0.63	2.68	0.44
	2.20	0.51	5.99	0.77
	4.31	1.56	5.71	0.45
	9.13	0.26	2.18	0.54
	3.61	0.33	2.11	0.56
	4.68	0.66	2.35	0.55
	2.10	0.28	2.33	0.53
	1.55	0.27	2.30	0.38
	1.68	0.35	2.11	0.42
	19.80	0.63	2.34	0.51
	8.49	0.32	2.32	0.42
	4.93	1.08	10.21	1.80
	2.37	0.91	8.31	0.33
	2.17	0.65	2.75	0.31
	4.75	1.04	3.07	0.33
	2.12	0.66	3.04	0.32
	3.80	0.54	5.33	0.45
	2.01	0.83	4.68	0.44
	3.17	0.81	4.73	0.45
	3.54	0.68	4.98	0.61
	2.19	0.65	4.20	0.59
	2.03	0.74	4.36	0.61
	5.04	1.35	9.87	1.29
	1.82	0.51	5.38	0.44
	1.73	0.80	3.17	0.33
	1.72	0.53	3.09	0.35
	1.64	0.52	3.05	0.33
	1.67	0.54	6.22	0.33
	1.74	0.57	2.38	0.33
	1.61	0.84	6.45	0.66
	3.24	0.57	4.20	0.66
	3.24	1.10	7.82	0.63
	2.87	1.09	6.59	0.60
	3.16	1.07	7.03	0.59
	3.17	1.07	6.60	0.91
	3.13	1.10	7.20	0.69
	3.45	1.08	7.38	0.61
	3.26	1.09	7.97	0.60
	3.15	1.07	6.85	0.59
	3.21	1.20	6.74	0.61
	3.70	1.36	6.93	0.61
	3.18	1.11	6.88	0.59
	3.07	2.12	6.73	0.71
	3.22	1.07	7.96	0.63
	3.29	0.87	3.04	0.42
	3.66	0.88	2.87	0.40
	3.22	1.18	2.88	0.47
	3.49	1.03	3.03	0.33
	2.10	0.62	3.15	0.39
	2.13	0.57	3.21	0.40
	7.65	1.50	3.61	4.34
	2.54	1.34	3.26	0.64
	8.69	1.53	7.75	0.46
	10.51	0.63	2.62	0.71
	2.06	0.27	2.59	0.63
	2.44	0.29	2.62	0.46
	7.13	0.79	2.84	2.08
	17.21	0.58	2.68	0.48
	4.20	0.31	2.55	0.49
	5.30	0.32	2.46	0.48
	7.51	0.73	2.74	1.43
	2.81	0.32	2.75	0.49
	2.83	0.30	2.72	0.48
	6.98	0.44	2.65	0.50
	2.24	0.28	3.19	0.48
	4.05	0.35	2.49	0.47
	5.00	0.65	2.65	0.54
	1.90	0.28	3.15	0.52
	4.96	0.72	2.84	0.47
	2.29	0.28	3.14	0.46
	11.73	0.50	3.23	0.53
	2.12	0.39	2.61	0.45
	1.86	0.36	2.36	0.48
	4.79	0.33	2.59	0.48
	4.84	0.60	2.57	0.49
	4.10	0.31	2.53	0.49
	2.15	0.26	2.51	0.44
	4.73	0.32	3.29	0.46
	4.94	0.69	2.76	0.45
	2.01	0.35	2.36	0.44
	2.49	0.28	2.30	0.41
	2.26	0.28	2.38	0.45
	5.19	0.69	2.40	0.41
	12.35	0.33	2.55	0.42
	2.34	0.28	2.42	0.93
	2.13	0.29	2.38	0.43
	1.83	0.27	2.86	0.37
	4.24	0.33	2.42	0.38
	2.28	0.40	2.76	0.38
	5.81	0.70	3.71	0.68
	11.45	0.29	2.40	0.39
	2.12	0.38	2.62	0.40
	1.77	0.29	2.50	0.40
	1.63	0.27	2.42	0.37
	1.60	0.27	2.38	0.37
	3.97	0.56	2.85	0.34
	1.68	0.31	2.74	0.39
	1.78	0.31	2.48	0.53
	1.76	0.27	2.29	0.38
	1.59	0.31	2.57	0.40
	1.61	0.27	2.39	0.39
	1.58	0.28	2.37	0.39
	1.61	0.27	2.67	0.49
	1.62	0.27	2.41	0.40
	3.66	0.40	2.54	0.40
	2.06	0.38	2.52	3.48
	2.03	0.28	2.45	0.40
	3.50	0.46	2.79	0.38
	2.61	0.28	2.38	0.35
	4.37	0.53	2.93	0.38
	2.16	0.29	2.68	0.38
	3.42	0.29	3.64	0.44
	2.28	0.28	2.37	0.38
	2.27	0.30	2.41	0.38
	2.26	0.30	2.71	0.37
	1.89	0.28	2.39	0.37
	2.01	0.29	2.43	0.38
	1.85	0.28	2.51	0.39
	1.90	0.29	2.39	0.38
	2.09	0.29	2.38	0.43
	2.38	0.28	2.56	0.47
	2.12	0.40	2.40	0.38
	2.03	0.28	2.36	0.38
	1.86	0.28	2.89	0.40
	1.83	0.27	2.41	0.38
	1.98	0.29	2.43	0.38
	2.00	0.29	2.80	0.40
	1.81	0.35	2.42	0.48
	1.84	0.28	2.75	0.50
	2.05	0.30	2.73	0.39
	2.16	0.27	2.48	0.38
	2.95	0.28	2.42	0.43
	2.41	0.29	2.74	0.39
	2.05	0.30	2.43	0.38
	2.33	0.21	2.43	0.43
	2.54	0.22	2.65	0.38
	15.87	1.42	7.86	1.71
	3.43	1.63	3.31	0.49
	2.87	0.45	3.15	0.51
	6.27	0.62	4.13	0.68
	3.46	0.38	3.78	0.74
	13.87	0.79	3.20	1.26
	7.14	0.28	2.52	0.49
	8.44	0.84	3.89	0.53
	2.49	0.40	3.78	0.70
	1.61	0.29	1.95	0.34
	3.29	0.28	3.30	0.44
	4.43	0.41	3.33	0.50
	4.51	1.38	2.34	0.36
	1.64	0.27	2.38	0.45
	1.55	0.26	2.30	0.58
	3.35	0.49	2.00	0.36
	3.10	0.33	2.54	0.36
	12.30	0.25	2.27	0.55
	1.74	0.21	1.81	0.34
	3.30	0.27	2.23	0.36
	1.68	0.31	1.88	0.34
	3.66	0.39	2.03	0.37
	1.86	0.26	1.81	0.37
	1.92	0.24	1.92	0.39
	2.56	0.23	1.90	0.37
	1.70	0.24	1.90	0.38
	1.86	0.24	1.91	0.32
	3.83	0.33	1.87	0.33
	3.31	0.27	1.90	0.40
	5.28	0.53	2.02	0.32
	6.66	0.24	1.96	0.35
	2.01	0.25	2.00	0.36
	1.86	0.27	2.27	0.34
	1.80	0.26	2.93	0.36
	1.74	0.27	2.30	0.35
	1.71	0.26	2.23	0.34
	5.30	0.28	2.37	0.77
	2.23	0.43	2.90	0.52
	2.04	0.26	2.34	0.39
	1.94	0.26	2.44	0.44
	2.01	0.27	2.28	0.35
	6.21	0.67	2.50	0.48
	2.89	0.28	2.64	0.47
	2.97	0.29	2.44	0.43
	4.90	0.30	3.02	0.43
	4.73	0.51	5.48	0.72
	4.70	0.47	4.12	0.62
	7.76	0.48	8.09	0.80
	2.04	0.50	4.72	1.30
	2.48	0.76	4.36	0.58
	3.73	0.42	2.32	0.34
	3.77	0.44	2.42	0.33
	3.23	0.51	2.26	0.33
	2.41	0.45	2.54	0.35
	2.52	0.57	2.61	0.36
	2.09	0.59	2.56	0.38
	2.76	0.73	4.08	0.49
	3.67	0.71	4.05	0.50
	2.89	0.73	3.93	0.49
	3.32	0.68	2.26	0.33
	3.27	0.60	2.77	0.41
	5.59	0.49	2.46	0.43
	3.43	0.62	2.31	0.37
	2.94	0.45	2.94	0.35
	2.37	0.38	2.48	0.34
	9.47	1.54	7.15	0.48
	2.48	0.25	2.12	0.39
	4.46	0.24	1.88	0.38
	8.85	1.24	2.37	0.46
	2.81	0.42	2.33	0.46
	19.50	0.64	2.02	0.39
	2.39	0.26	2.05	0.40
	11.52	0.61	2.20	0.44
	3.25	0.38	2.23	0.46
	1.61	0.29	2.79	0.44
	12.79	0.59	2.71	0.42
	1.75	0.40	2.89	0.64
	1.26	0.28	2.61	0.39
	1.92	0.36	2.68	0.46
	3.28	0.33	2.71	0.50
	4.57	2.01	11.21	1.10
	6.03	0.27	2.33	0.35
	1.57	0.49	2.23	0.34
	1.86	0.44	2.47	0.40
	2.18	0.55	2.04	0.31
	4.16	0.67	2.18	0.28
	1.87	0.48	2.10	0.27
	1.86	0.40	2.17	0.27
	1.76	0.46	2.05	0.28
	3.15	0.41	1.91	0.28
	1.98	0.37	1.96	0.29
	2.13	0.63	2.68	0.37
	7.63	0.86	2.61	0.38
	2.69	0.59	3.33	0.36
	7.28	0.55	7.70	0.46
	3.13	0.47	2.69	0.37
	1.42	0.38	2.18	0.27
	1.40	0.33	2.83	0.28
	1.46	0.35	2.10	0.26
	1.45	0.38	2.17	0.27
	1.75	0.33	2.05	0.27
	1.89	0.50	2.33	0.29
	1.73	0.53	2.33	0.29
	1.97	0.51	7.01	0.33
	3.32	0.53	2.69	0.31
	5.42	0.67	2.19	0.27
	3.26	0.40	2.10	0.29
	1.80	0.52	2.28	0.31
	1.63	0.48	2.16	0.28
	1.87	0.53	2.26	0.31
	1.72	0.44	2.21	0.28
	1.63	0.44	2.21	0.29
	1.67	0.47	2.61	0.30
	1.59	0.47	2.19	0.28
	1.65	0.44	2.17	0.28
	4.94	0.41	2.26	0.36
	4.39	0.42	2.24	0.36
	4.56	0.43	2.24	0.36
	4.41	1.05	8.79	1.01
	1.81	1.32	8.56	1.00
	1.62	0.89	6.57	0.56
	1.68	0.86	6.51	0.66
	1.63	0.85	8.71	0.74
	1.65	0.81	8.71	0.75
	1.96	1.03	8.72	0.34
	1.70	0.40	2.53	0.35
	16.97	0.81	2.77	0.53
	2.02	0.26	12.29	0.75
	1.57	0.22	2.27	0.36
	5.94	0.35	2.03	0.38
	3.28	0.29	1.86	0.40
	5.10	0.28	1.93	0.37
	10.35	0.57	2.04	0.41
	2.17	0.25	1.91	0.43
	4.93	0.57	2.07	0.42
	1.49	0.32	2.23	0.45
	1.64	0.24	2.06	0.55
	1.86	0.23	1.93	0.44
	5.68	0.61	2.13	0.41
	2.88	0.25	2.29	0.39
	2.48	0.27	1.88	0.32
	6.23	0.94	3.22	0.54
	1.47	0.27	2.80	0.51
	1.48	0.28	2.51	0.38
	1.64	0.25	2.33	0.38
	4.00	0.59	3.00	0.35
	2.08	0.29	2.53	0.37
	1.54	0.28	2.69	0.38
	1.49	0.24	1.97	0.39
	2.63	0.25	1.93	0.44
	9.03	0.53	2.03	0.41
	2.31	0.23	1.98	0.34
	1.97	0.29	2.51	0.42
	1.68	0.28	2.42	0.39
	1.62	0.28	2.47	0.36
	2.18	0.50	6.45	0.47
	1.63	0.39	2.60	0.49
	1.77	0.31	2.61	0.47
	1.75	0.35	2.56	0.42
	7.15	0.76	2.74	0.42
	1.85	0.32	2.83	0.45
	1.80	0.36	2.74	0.44
	1.71	0.30	2.69	0.41
	2.23	0.33	2.77	0.43
	1.54	0.31	2.72	0.40
	2.36	0.34	5.28	0.45
	1.27	0.29	2.72	0.40
	1.28	0.29	2.76	0.42
	1.33	0.30	3.22	0.52
	4.63	0.33	4.16	0.54
	6.45	0.30	2.60	2.74
	1.35	0.51	3.05	0.41
	1.35	0.42	2.76	0.42
	1.42	0.59	3.19	0.37
	1.37	0.50	2.99	0.39
	1.38	0.51	3.16	0.38
	1.63	0.55	2.69	0.35
	1.61	0.45	2.86	0.35
	2.09	0.49	2.90	0.35
	1.46	0.77	3.00	0.35
	5.34	0.90	2.86	0.59
	2.51	0.57	3.07	0.37
	2.61	0.64	8.53	2.20
	1.39	0.77	3.12	0.52
	1.88	0.61	3.10	0.36
	1.84	0.90	3.45	0.35
	1.70	0.57	3.60	0.61
	1.30	0.72	3.04	0.34
	3.69	0.47	3.25	0.36
	1.65	0.43	2.87	0.34
	4.67	0.62	6.82	1.73
	7.85	1.55	3.73	0.86
	2.31	0.35	3.19	0.50
	6.42	0.84	3.47	0.54
	2.07	0.36	3.23	0.51
	5.95	0.80	3.40	0.58
	2.28	0.32	3.04	0.55
	12.80	0.74	3.87	0.89
	1.86	0.31	2.71	0.53
	1.09	0.27	2.50	0.46
	4.16	0.65	2.60	0.43
	1.60	0.29	2.44	0.47
	4.16	0.66	2.68	0.48
	12.21	0.30	2.52	0.51
	1.64	0.38	2.50	0.43
	5.90	0.66	2.96	0.44
	1.75	0.61	2.47	0.50
	1.58	0.35	2.54	0.50
	3.62	0.35	2.65	0.48
	4.09	1.01	7.62	1.42
	10.08	0.27	2.59	0.50
	1.55	0.58	2.53	0.54
	4.40	0.47	2.37	0.37
	2.63	0.42	2.20	0.32
	19.56	1.11	2.94	0.48
	9.19	0.35	2.71	0.34
	2.09	0.54	2.60	0.36
	1.98	0.45	2.63	0.38
	4.17	0.59	2.82	0.36
	2.42	0.52	2.48	0.34
	2.30	0.55	2.54	0.35
	3.56	1.00	2.56	0.33
	2.57	0.49	2.25	0.36
	7.24	0.50	2.16	0.41
	2.25	0.55	2.45	0.40
	2.37	0.47	2.35	0.35
	3.44	0.51	2.22	0.37
	5.19	0.48	2.90	0.38
	2.73	0.57	2.30	0.36
	2.67	0.61	2.18	0.55
	2.36	0.44	2.25	0.38
	6.29	0.85	2.34	0.35
	2.28	0.46	2.39	0.36
	2.21	0.50	3.66	0.38
	2.26	0.61	2.42	0.35
	2.51	0.50	2.33	0.30
	2.32	0.51	2.49	0.35
	2.32	0.51	2.98	0.66
	2.42	0.46	2.28	0.36
	2.43	0.62	2.58	0.38
	2.29	0.46	2.46	0.33
	4.54	0.42	2.17	0.37
	2.68	0.50	2.22	0.35
	2.26	0.48	2.31	0.37
	2.66	0.48	3.07	0.34
	4.27	0.40	2.15	0.35
	2.41	0.60	2.33	0.33
	3.82	0.40	2.44	0.33
	2.61	0.47	3.24	0.35
	2.62	0.55	2.52	0.35
	2.63	0.51	2.21	0.33
	2.60	0.47	2.22	0.33
	2.33	0.48	2.23	0.37
	4.55	0.40	2.11	0.37
	2.59	0.46	2.13	0.36
	6.10	0.59	2.37	0.35
	2.40	0.55	2.19	0.32
	3.97	0.42	2.25	0.34
	2.83	0.51	2.13	0.33
	2.38	0.43	2.22	1.82
	2.58	0.51	2.16	0.34
	3.16	0.47	2.08	0.33
	2.80	0.45	2.14	0.34
	3.40	0.35	2.07	0.34
	4.17	0.30	2.06	0.33
	2.68	0.44	2.33	1.07
	13.82	0.72	6.95	3.31
	10.32	0.84	8.79	0.51
	23.95	0.63	4.49	0.84
	10.68	0.31	3.33	1.04
	3.94	0.53	3.69	1.40
	7.64	0.39	2.31	0.87
	6.30	0.48	4.91	0.78
	8.08	0.64	5.05	0.63
	8.46	0.55	4.37	0.62
	17.74	0.27	1.94	0.50
	5.27	0.38	2.34	0.41
	5.17	0.56	2.03	0.45
	3.49	0.45	1.63	0.33
	7.92	0.80	1.91	0.36
	3.88	0.40	1.82	0.37
	6.09	0.80	2.12	0.45
	32.69	0.56	2.41	0.49
	10.64	0.73	2.29	0.47
	4.00	0.42	2.68	0.52
	7.33	0.85	2.42	0.30
	9.44	0.51	2.48	0.32
	12.78	0.65	2.56	0.44
	5.45	0.58	2.39	0.40
	18.98	0.39	2.04	0.35
	10.10	0.39	2.08	0.26
	4.84	0.38	1.90	0.26
	3.82	0.33	1.92	0.30
	1.93	0.74	2.55	0.33
	4.69	0.40	1.90	0.28
	3.97	0.55	1.81	0.29
	16.24	0.37	2.82	0.32
	3.36	0.20	1.83	2.64
	4.94	0.52	2.26	0.34
	6.53	0.65	2.12	0.33
	3.82	0.38	2.21	0.39
	2.40	0.51	2.56	0.33
	2.14	0.42	2.37	0.33
	9.77	0.43	2.52	0.33
	2.35	0.44	2.11	0.32
	4.20	0.52	1.87	0.33
	4.37	0.37	1.89	0.33
	2.30	0.49	2.26	0.35
	2.21	0.51	3.63	0.37
	2.41	0.65	1.82	0.38
	4.60	0.43	2.30	0.39
	2.88	0.42	1.82	0.37
	2.57	0.46	1.74	0.37
	6.25	1.14	2.44	0.38
	2.59	0.58	2.02	0.38
	2.57	0.49	1.93	0.38
	5.21	0.46	1.95	0.49
	2.63	0.49	1.83	0.38
	2.63	0.49	1.78	0.38
	2.65	0.50	1.78	0.38
	5.21	0.45	1.75	0.38
	2.92	0.42	1.91	0.37
	2.74	0.51	1.78	0.39
	2.40	0.57	1.82	0.36
	5.95	0.80	2.13	0.41
	2.71	0.54	2.12	0.38
	2.55	0.63	2.14	0.36
	2.34	0.49	2.19	0.36
	2.55	0.55	2.06	0.34
	5.48	0.00	7.62	1.42
	2.48	0.52	3.83	0.54
	2.28	0.25	2.07	0.45
	2.01	0.25	2.19	0.47
	2.05	0.32	2.54	0.47
	2.10	0.25	2.11	0.41
	2.22	0.29	2.09	0.53
	2.25	0.26	2.04	0.40
	2.66	0.24	2.04	0.38
	1.90	0.24	1.93	0.39
	4.22	0.27	2.03	0.40
	2.22	0.29	2.12	0.35
	2.30	0.34	2.07	0.49
	2.45	0.29	2.02	0.41
	2.31	0.27	2.12	0.44
	2.31	0.26	2.03	0.41
	2.26	0.27	2.12	0.42
	2.31	0.26	2.07	0.45
	2.47	0.27	2.06	0.47
	2.18	0.26	2.09	0.46
	2.16	0.30	2.05	0.48
	2.85	0.27	2.13	0.46
	2.29	0.26	2.10	0.47
	2.72	0.27	2.15	0.46
	2.96	0.27	2.11	0.48
	2.28	0.26	2.08	0.46
	2.30	0.36	2.17	0.48
	3.53	0.20	2.11	0.52
	2.55	0.18	2.08	0.46
	2.31	0.19	2.20	0.48
	15.75	1.32	6.75	1.99
	3.17	0.31	2.88	0.53
	5.47	0.62	2.58	1.89
	5.90	0.40	2.38	1.11
	5.97	0.76	2.72	1.64
	2.76	0.37	2.66	0.52
	15.50	0.58	2.76	1.37
	3.63	0.40	4.58	0.76
	6.64	0.48	6.09	0.53
	2.08	0.29	2.30	0.48
	5.61	0.58	2.42	0.51
	13.68	1.81	2.63	0.47
	4.86	0.29	2.12	0.90
	4.01	0.47	2.40	0.47
	2.19	0.50	2.72	0.38
	12.88	0.73	2.26	0.48
	2.17	0.42	1.63	0.27
	1.98	0.32	1.63	0.26
	2.63	0.33	1.68	0.27
	2.12	0.45	1.71	0.28
	2.32	0.36	1.70	0.29
	2.22	0.35	1.75	0.32
	4.02	0.39	2.20	0.54
	2.33	0.40	1.96	0.32
	4.24	0.71	2.14	0.37
	5.40	0.80	2.12	0.34
	2.45	0.41	1.97	0.33
	2.43	0.51	2.27	0.33
	2.29	0.48	2.02	0.35
	2.45	0.54	2.13	0.32
	3.66	0.57	3.29	0.33
	2.35	0.51	2.16	0.30
	2.41	0.52	2.06	0.32
	2.44	0.49	2.31	0.37
	2.53	0.54	2.29	0.33
	2.40	0.52	2.25	0.32
	3.73	0.43	2.45	0.39
	2.39	0.61	2.23	0.35
	2.46	0.51	2.17	0.35
	4.86	0.51	2.37	0.37
	4.19	0.46	2.04	0.38
	2.71	0.52	2.06	0.37
	2.56	0.52	2.26	0.37
	2.64	0.54	2.12	0.36
	2.59	0.51	2.11	0.35
	2.57	0.51	2.09	0.41
	2.44	0.47	2.24	0.37
	4.90	0.61	2.01	0.32
	2.59	0.49	2.12	0.36
	2.65	0.51	2.10	0.36
	2.53	0.57	2.13	0.37
	2.75	0.49	2.07	0.33
	2.65	0.52	2.13	0.33
	2.58	0.57	2.75	0.42
	3.67	0.55	2.35	0.45
	3.16	0.59	2.24	0.36
	8.86	0.91	8.37	1.74
	3.05	0.42	3.12	2.21
	9.13	0.84	2.09	0.44
	3.89	0.41	2.21	0.31
	5.32	0.40	1.58	0.35
	10.51	0.53	5.02	0.48
	2.39	0.39	1.85	0.34
	2.60	0.54	1.62	0.31
	3.07	0.35	1.49	0.27
	5.50	0.56	1.66	0.27
	1.44	0.41	1.60	0.53
	9.25	0.76	2.75	1.94
	10.54	1.11	7.11	3.67
	19.83	0.61	2.13	0.49
	10.46	0.45	2.41	0.36
	1.97	0.39	2.15	0.33
	1.92	0.49	2.20	0.39
	4.39	0.78	2.26	0.46
	1.85	0.48	1.92	0.29
	1.95	0.40	1.84	0.28
	12.07	0.76	1.95	0.49
	2.79	0.37	1.83	0.28
	2.22	0.44	1.87	0.27
	2.26	0.39	1.78	0.28
	1.51	0.55	2.13	0.38
	4.46	0.85	2.05	0.30
	3.23	0.47	2.71	0.33
	3.03	1.02	2.13	0.44
	1.45	0.36	1.94	0.56
	1.45	0.38	1.89	0.40
	1.67	0.42	2.35	0.29
	3.77	0.81	2.40	0.29
	1.42	0.37	1.97	0.28
	1.73	0.49	2.84	0.35
	1.62	0.48	2.61	0.31
	1.61	0.49	2.62	0.29
	1.69	0.53	2.78	0.31
	2.86	0.54	2.38	0.36
	1.74	0.49	2.44	0.35
	1.60	0.50	2.55	0.41
	1.53	0.46	2.40	0.34
	1.45	0.55	2.48	0.35
	7.50	2.20	3.01	0.41
	1.61	0.49	2.88	0.32
	2.07	0.48	2.85	0.38
	1.82	0.59	2.68	0.39
	2.43	1.20	2.84	0.43
	2.24	0.51	2.84	0.39
	1.98	1.05	4.32	0.40
	1.89	0.54	2.97	0.47
	3.06	0.60	2.77	0.40
	2.00	0.85	2.81	0.39
	1.94	0.57	2.83	0.38
	2.12	0.58	2.99	0.41
	2.08	0.51	2.94	0.38
	1.37	0.79	2.82	0.37
	3.57	0.55	2.57	0.40
	1.99	0.59	3.04	0.38
	1.94	0.60	2.72	0.41
	2.01	0.74	3.07	0.39
	1.90	1.38	2.88	0.38
	1.94	0.66	2.86	0.43
	1.96	1.45	3.33	0.39
	1.48	1.27	3.08	0.38
	1.82	0.60	2.76	0.45
	2.00	0.67	3.06	0.39
	1.89	0.54	3.24	0.38
	2.24	0.60	2.94	1.07
	2.01	0.49	4.05	0.44
	12.07	2.74	22.32	3.69
	4.20	3.39	12.08	0.65
	8.65	1.00	3.42	0.73
	1.79	0.53	2.98	4.64
	17.63	1.23	2.99	0.44
	23.52	0.29	2.44	0.69
	13.80	0.64	2.20	0.33
	6.24	0.28	2.39	0.50
	4.92	0.68	2.37	0.61
	1.32	0.25	2.07	0.40
	1.31	0.26	2.01	0.39
	10.22	0.58	2.32	0.38
	1.42	0.28	3.05	0.40
	1.30	0.27	2.34	0.58
	1.30	0.27	2.56	0.41
	3.68	0.79	2.85	0.47
	3.60	0.25	2.22	0.38
	1.14	0.23	2.00	0.34
	1.39	0.28	2.48	0.35
	6.50	1.21	2.96	0.38
	2.33	0.59	3.24	0.40
	4.36	0.31	2.75	0.63
	1.95	0.28	2.55	0.37
	1.82	0.38	2.66	0.44
	1.29	0.28	2.49	0.41
	5.24	0.66	3.37	0.36
	1.73	0.31	2.73	0.34
	1.38	0.30	2.68	0.40
	1.80	0.30	2.73	0.40
	2.56	0.30	2.66	0.48
	7.42	0.30	3.17	0.52
	1.29	0.28	2.54	1.59
	1.20	0.28	2.95	0.39
	1.45	0.28	2.60	0.40
	5.42	0.82	3.61	0.46
	1.78	0.36	4.18	0.51
	1.58	0.54	4.25	0.50
	1.92	0.32	2.90	0.50
	1.48	0.30	2.74	0.46
	2.12	0.38	3.35	0.54
	4.00	0.49	3.29	0.58
	2.13	0.42	3.00	0.51
	1.81	0.34	2.94	0.48
	1.52	0.31	3.16	0.46
	1.40	0.29	2.69	0.46
	1.45	0.27	2.90	0.46
	1.51	0.31	2.65	0.49
	2.18	0.48	4.09	0.57
	2.29	0.41	3.74	0.54
	2.05	0.38	4.14	0.75
	1.19	0.50	4.64	0.84
	1.19	0.41	2.64	0.49
	1.14	0.27	2.80	0.48
	9.69	0.28	3.19	1.05
	1.34	0.57	12.87	0.81
	1.60	0.61	5.85	0.72
	1.18	0.89	2.63	0.44
	1.43	0.41	2.96	0.35
	1.40	1.43	5.04	0.55
	1.46	0.89	4.64	0.53
	1.83	0.57	3.47	0.37
	2.25	0.63	3.02	0.43
	2.44	0.71	4.75	0.56
	9.40	1.33	7.61	1.85
	2.68	1.98	5.55	0.61
	5.36	0.70	2.96	0.54
	2.63	0.31	2.67	0.59
	8.54	0.80	2.93	2.09
	1.66	0.29	2.60	0.54
	6.11	0.76	2.67	0.46
	2.49	0.35	3.02	0.79
	6.23	0.75	2.90	0.50
	2.11	0.33	2.37	0.42
	11.27	0.65	4.36	2.09
	9.42	0.33	2.46	0.43
	4.15	0.58	2.30	0.42
	4.92	0.80	2.60	0.34
	2.37	0.46	2.17	0.33
	5.91	0.76	2.35	0.33
	3.68	0.55	2.35	0.39
	13.58	0.83	9.14	0.50
	29.63	0.62	2.83	2.38
	3.93	0.36	2.71	1.00
	5.70	0.74	2.90	0.53
	1.36	0.25	2.41	0.42
	4.71	0.59	2.36	0.43
	1.87	0.37	2.98	0.54
	1.24	0.27	2.41	0.45
	5.71	0.68	2.98	0.47
	1.49	0.28	2.37	0.53
	1.30	0.31	2.53	0.40
	2.31	0.41	2.38	0.45
	1.66	0.34	2.76	1.01
	1.15	0.31	2.39	0.36
	10.99	0.28	2.59	0.44
	4.30	0.63	2.42	0.55
	1.31	0.25	2.21	0.41
	1.21	0.25	2.38	0.43
	1.18	0.26	2.38	0.36
	3.30	0.57	2.33	0.33
	1.35	0.28	2.84	0.37
	2.36	0.26	2.42	0.52
	1.34	0.27	2.86	0.96
	1.22	0.27	2.29	0.37
	3.09	0.28	2.18	0.38
	1.64	0.27	2.22	0.33
	3.99	0.37	2.39	0.38
	4.48	0.27	2.39	0.37
	1.36	0.26	2.27	0.38
	1.45	0.36	3.62	0.68
	2.77	0.28	2.25	0.44
	1.65	0.24	2.24	0.43
	1.55	0.25	2.27	0.49
	4.62	0.31	2.45	0.60
	2.52	0.27	2.20	0.44
	1.63	0.26	2.31	0.46
	1.61	0.28	2.98	0.77
	1.72	0.28	2.17	0.45
	1.69	0.24	2.17	0.46
	1.91	0.25	2.16	0.46
	1.65	0.24	2.10	0.45
	1.53	0.24	2.13	0.47
	3.79	0.28	2.16	0.47
	1.94	0.27	2.11	0.45
	1.89	0.27	2.18	0.44
	1.86	0.26	2.21	0.48
	2.35	0.33	2.08	0.46
	3.76	0.47	2.22	0.45
	1.96	0.27	2.38	0.49
	2.43	0.28	2.19	0.46
	1.69	0.27	2.14	0.52
	3.29	0.27	2.10	0.47
	2.35	0.55	1.97	0.43
	1.89	0.26	1.95	0.44
	1.90	0.26	2.00	0.46
	1.99	0.25	2.44	0.46
	1.87	0.32	1.96	0.47
	1.89	0.25	1.97	0.47
	1.86	0.29	2.45	0.47
	1.61	0.24	1.92	0.46
	1.88	0.26	2.66	0.46
	1.93	0.67	2.28	0.74
	1.88	0.26	1.96	0.46
	1.78	0.27	2.05	0.46
	1.87	0.25	2.07	0.52
	1.87	0.25	2.04	0.46
	1.84	0.26	2.07	0.46
	1.96	0.24	2.06	0.45
	1.88	0.26	2.03	0.44
	1.97	0.25	2.02	0.47
	1.80	0.25	2.04	0.43
	1.71	0.24	2.10	0.46
	1.77	0.18	2.10	0.43
	1.98	0.17	2.11	0.40
	1.83	0.28	2.28	0.80
	0.55	0.17	3.01	0.52
	0.56	0.17	3.39	0.38
	1.67	0.17	1.85	0.37
	23.84	1.37	10.22	3.34
	3.30	0.59	2.95	0.88
	3.54	0.49	3.04	1.33
	7.73	1.09	3.25	0.69
	4.18	0.60	2.93	0.55
	9.84	0.83	3.16	0.50
	29.02	0.59	4.26	1.46
	4.72	0.32	2.05	0.46
	5.60	0.43	1.85	0.43
	1.76	0.24	1.80	0.41
	2.56	0.36	3.52	0.57
	2.48	0.47	2.91	0.59
	3.25	0.34	3.05	0.69
	1.59	0.41	4.35	0.71
	2.71	0.59	3.43	0.80
	1.68	0.54	3.42	1.16
	3.18	0.61	6.07	1.11
	1.82	0.59	4.96	0.92
	9.38	0.20	1.79	0.42
	2.01	0.22	1.88	0.44
	2.08	0.22	1.91	0.69
	1.69	0.21	1.76	0.48
	4.43	0.72	2.68	0.82
	1.42	0.23	1.82	0.51
	1.49	0.23	1.71	0.44
	2.11	0.29	1.78	0.40
	3.08	0.23	1.79	1.00
	3.01	0.24	1.67	0.52
	5.58	0.79	9.57	2.39
	2.36	0.82	7.33	1.12
	2.19	0.60	2.63	0.51
	2.19	0.80	2.42	0.41
	2.48	0.58	2.48	0.41
	2.45	0.60	2.45	0.41
	3.57	0.81	3.69	0.61
	3.58	0.81	3.65	0.62
	4.44	1.01	5.88	0.91
	4.36	0.60	2.72	0.43
	2.14	0.47	2.60	0.41
	2.37	0.45	2.58	0.41
	2.27	0.45	2.65	0.51
	1.35	0.71	14.03	5.44
	7.71	0.29	1.87	0.42
	2.95	0.52	2.05	0.41
	13.47	1.35	1.84	0.37
	2.00	0.41	1.76	1.69
	5.40	0.37	1.48	0.30
	20.59	1.07	2.63	0.62
	11.56	0.34	3.29	1.03
	14.14	0.57	1.89	0.41
	2.78	0.49	5.02	0.59
	5.74	1.16	5.43	1.27
	4.47	0.28	2.39	0.46
	14.46	0.28	2.49	0.42
	3.28	0.36	2.49	0.48
	6.08	1.09	3.30	0.97
	2.66	0.46	2.38	0.42
	2.51	0.39	2.04	0.31
	4.69	0.73	2.06	0.30
	1.83	0.48	2.20	0.32
	19.00	0.51	2.51	0.50
	8.69	0.39	2.71	0.42
	5.97	1.15	2.79	0.48
	1.88	0.74	2.54	0.40
	1.74	0.58	4.94	0.31
	1.61	0.42	2.13	0.31
	1.87	0.47	1.99	0.28
	7.50	0.79	2.14	0.28
	1.69	0.44	2.09	0.28
	1.35	0.52	2.65	0.30
	1.47	0.48	2.17	0.28
	1.24	0.47	2.13	0.46
	1.29	0.51	2.18	0.59
	10.63	0.74	2.63	0.29
	1.32	0.44	2.34	0.43
	1.37	0.48	2.33	0.29
	1.34	0.48	2.41	0.27
	1.41	0.55	2.32	0.32
	1.42	0.55	2.19	0.28
	1.25	0.53	2.21	0.31
	1.31	0.49	2.36	0.31
	1.31	0.46	2.13	0.50
	1.23	0.45	2.20	0.34
	1.29	0.49	2.27	0.31
	1.22	0.52	2.05	0.51
	4.85	0.77	2.21	0.29
	1.28	0.49	2.28	0.33
	1.26	0.56	2.27	0.32
	1.50	0.48	2.42	0.29
	1.26	0.48	2.32	0.30
	1.30	0.66	2.36	0.55
	1.39	0.42	2.26	0.28
	1.27	0.47	2.34	0.28
	1.43	0.67	2.50	0.28
	1.30	0.58	2.42	0.28
	2.56	0.53	3.86	0.36
	1.49	0.59	2.28	0.29
	1.23	0.55	2.47	0.28
	1.26	0.46	2.41	0.31
	1.21	0.47	2.35	0.37
	3.00	0.43	2.15	0.28
	1.52	0.49	3.06	0.87
	1.74	0.51	3.01	0.32
	1.74	0.52	3.21	0.42
	1.71	0.50	2.99	0.40
	1.71	0.48	3.04	0.32
	1.67	1.06	6.57	0.59
	1.60	0.78	7.49	0.86
	1.95	1.07	8.40	1.12
	2.41	1.25	8.60	1.25
	0.65	1.12	2.48	0.32
	8.67	1.27	8.33	0.87
	3.84	0.40	2.61	0.37
	4.57	0.63	2.74	0.42
	1.77	0.35	2.73	0.71
	4.75	0.71	3.07	0.89
	1.95	0.28	3.38	0.46
	4.92	0.87	2.76	0.73
	15.15	0.32	2.71	0.49
	7.26	0.71	2.83	0.49
	1.51	0.32	2.70	0.50
	1.83	0.29	2.48	0.47
	1.52	0.28	2.49	0.47
	2.94	0.48	2.65	0.50
	9.11	0.29	2.46	0.45
	1.22	0.33	2.37	0.45
	1.23	0.35	2.41	0.49
	3.11	0.38	4.26	0.51
	5.07	0.67	2.67	0.75
	1.57	0.29	2.42	1.32
	1.58	0.39	2.51	0.48
	3.55	0.29	3.03	0.49
	4.34	0.30	2.61	0.54
	3.99	0.62	2.65	0.50
	1.73	0.28	2.58	2.60
	1.54	0.28	2.55	0.47
	1.76	0.29	2.57	1.87
	1.57	0.28	3.73	1.49
	1.41	0.30	3.87	0.47
	5.56	0.27	3.18	0.47
	1.84	0.27	2.30	1.05
	1.44	0.35	2.18	0.41
	1.63	0.42	2.23	0.38
	2.73	1.36	2.81	0.30
	1.70	0.43	2.38	0.29
	1.82	0.49	2.47	0.40
	2.03	0.48	1.84	0.27
	1.86	0.48	2.46	0.41
	1.76	0.50	2.61	0.40
	1.80	0.50	2.00	0.30
	7.44	0.44	2.35	0.32
	4.45	0.45	2.37	0.38
	2.49	0.45	2.35	0.32
	1.85	0.55	2.55	0.33
	2.01	0.44	3.71	0.31
	1.68	0.43	1.91	0.28
	1.81	0.37	2.06	0.31
	1.77	0.44	1.95	0.30
	3.60	0.56	2.64	0.39
	2.15	0.46	2.38	0.40
	6.29	0.56	2.76	0.47
	1.66	0.40	2.52	0.40
	2.79	8.02	2.65	0.36
	1.66	0.45	11.64	0.35
	1.75	0.47	3.52	0.47
	2.12	0.83	2.23	0.35
	1.88	0.48	2.36	0.39
	2.30	0.53	2.52	0.36
	2.21	0.60	2.97	0.37
	2.45	0.53	2.97	0.51
	2.48	0.52	3.18	1.25
	4.76	0.49	2.43	0.38
	2.45	0.52	2.94	0.38
	2.92	1.44	2.53	0.38
	2.74	0.47	3.00	0.34
	9.69	1.42	7.28	1.74
	2.57	0.31	2.61	0.46
	5.60	0.97	2.43	0.51
	2.98	0.31	2.57	0.58
	9.92	1.01	2.53	0.69
	6.56	0.36	2.95	0.51
	5.69	0.25	2.17	0.44
	3.32	0.31	1.60	0.33
	3.89	0.37	1.95	0.46
	4.21	0.49	1.83	0.46
	2.09	0.24	1.87	0.47
	22.88	0.76	2.68	0.55
	13.60	0.26	2.35	0.69
	5.99	0.78	2.30	0.39
	1.93	0.39	1.94	0.29
	4.96	0.73	1.86	0.29
	2.50	0.62	3.05	0.34
	7.45	0.86	2.38	0.34
	23.68	0.87	2.14	0.67
	3.25	0.28	2.25	0.49
	6.27	0.72	2.61	0.46
	4.31	0.31	2.48	0.42
	5.92	0.73	4.32	0.64
	1.99	0.44	4.12	0.59
	5.63	0.38	3.27	0.74
	5.47	2.37	9.50	2.03
	2.29	0.96	9.71	1.04
	2.67	0.50	2.71	0.44
	6.46	0.88	2.79	0.37
	4.08	0.40	2.12	0.52
	10.07	0.41	1.85	0.33
	8.00	0.72	2.06	0.33
	4.65	0.42	2.09	0.33
	4.44	1.43	8.43	1.07
	5.33	2.41	9.30	5.62
	2.52	0.23	1.99	0.31
	2.14	0.57	4.16	0.32
	6.03	0.77	1.99	0.31
	2.11	0.42	2.06	0.32
	2.22	0.49	2.51	0.33
	2.08	0.42	2.11	0.31
	4.47	0.55	1.92	0.32
	2.60	0.53	2.26	0.32
	6.41	0.38	2.04	0.32
	2.04	0.62	2.54	0.28
	4.64	0.41	2.06	0.33
	5.83	0.66	3.04	0.31
	2.97	0.60	2.50	0.36
	4.35	0.72	2.58	0.37
	2.17	0.55	2.63	0.35
	2.18	0.57	2.71	0.35
	1.99	0.53	2.82	0.38
	1.49	0.58	2.88	0.37
	2.26	0.50	2.85	0.36
	1.93	0.57	2.83	0.36
	4.33	0.47	2.46	0.37
	4.75	0.48	2.60	0.34
	2.17	0.48	2.59	0.36
	4.84	0.68	2.91	0.36
	2.29	0.58	2.71	0.36
	2.21	0.53	2.69	0.38
	2.28	0.43	2.04	0.28
	2.72	0.67	2.56	0.36
	2.25	0.52	2.53	0.96
	4.26	0.44	2.22	0.31
	2.40	0.48	2.30	0.32
	2.22	0.43	2.31	0.35
	2.06	0.39	2.20	0.29
	2.46	0.51	3.54	0.37
	5.05	0.50	2.47	0.35
	2.71	0.61	2.57	0.34
	2.36	0.57	2.61	0.35
	4.29	0.48	2.49	0.36
	3.70	0.48	2.58	0.36
	3.60	0.48	2.56	0.35
	7.13	1.44	2.89	0.37
	3.57	0.59	2.78	0.36
	3.56	0.90	2.75	0.36
	4.08	0.59	3.33	0.40
	3.95	0.48	2.87	0.41
	17.90	0.52	3.55	0.71
	6.47	0.36	4.09	0.36
	2.54	0.58	2.38	0.66
	2.09	0.56	5.18	0.49
	2.02	0.42	2.71	0.49
	1.85	0.41	2.73	0.37
	2.78	0.47	1.99	0.30
	3.36	0.33	1.84	0.28
	2.14	0.36	1.81	0.36
	2.20	0.35	1.89	0.31
	2.89	0.60	2.91	0.49
	5.58	0.48	2.46	0.37
	5.80	1.05	7.70	0.86
	2.03	1.08	8.85	0.58
	2.07	0.91	6.09	0.86
	2.07	0.78	6.12	0.83
	2.51	0.67	6.83	0.85
	2.16	0.51	2.27	0.53
	10.28	1.35	7.06	1.93
	3.58	0.45	3.50	0.87
	2.82	0.28	2.56	0.46
	8.91	0.99	5.26	0.86
	6.58	0.35	2.96	1.09
	11.51	0.87	3.58	1.32
	3.22	0.29	2.58	0.43
	5.35	0.36	2.74	0.94
	7.55	0.84	3.53	0.76
	1.96	0.29	2.52	0.47
	2.12	0.28	2.44	0.46
	5.13	0.69	2.63	0.49
	8.69	0.33	2.46	0.59
	1.85	0.27	2.45	0.50
	4.02	0.32	2.52	0.46
	5.77	0.85	2.77	0.48
	2.24	0.31	3.58	0.58
	1.98	0.29	2.57	0.46
	1.90	0.67	2.55	0.48
	12.28	0.68	2.75	0.47
	5.00	0.26	2.53	0.44
	2.59	0.26	2.66	0.47
	2.42	0.26	2.54	0.66
	6.26	0.69	2.78	0.48
	6.26	0.40	3.99	0.47
	10.12	0.28	2.57	0.48
	6.23	0.26	6.70	0.62
	2.41	0.31	2.60	0.37
	2.94	0.76	2.59	0.53
	1.62	0.70	2.73	0.36
	1.96	0.49	2.72	0.35
	1.89	0.49	2.75	0.36
	1.96	0.50	2.75	0.32
	4.56	0.52	2.39	0.36
	2.26	0.48	2.34	0.33
	2.05	1.45	2.30	0.46
	4.68	0.47	2.22	0.30
	2.17	0.52	2.31	0.33
	7.50	0.48	2.44	0.35
	2.19	0.52	2.67	0.33
	2.95	0.53	3.27	0.36
	6.12	0.80	2.43	0.35
	2.04	0.50	3.28	0.33
	2.24	0.54	2.63	0.30
	1.91	0.49	2.48	0.33
	1.97	0.49	4.83	0.34
	2.87	0.47	2.61	0.32
	1.95	0.48	2.79	0.38
	1.98	0.69	3.34	0.35
	1.57	19.48	5.15	1.09
	2.86	0.35	2.74	0.46
	1.35	0.34	2.63	0.46
	2.71	0.28	2.90	0.44
	2.90	0.28	3.12	0.40
	2.00	0.27	2.58	0.35
	1.58	0.31	2.74	0.40
	1.60	0.29	2.75	0.40
	1.74	0.26	2.64	0.45
	1.96	0.34	3.34	0.80
	1.63	0.34	3.91	2.41
	1.38	0.26	2.67	0.46
	1.88	0.30	2.60	0.45
	1.53	0.25	2.43	0.42
	1.54	0.25	2.43	0.39
	2.12	0.27	2.46	0.37
	1.54	0.25	3.01	0.50
	1.81	0.25	2.49	0.48
	2.69	0.37	2.56	0.49
	23.19	2.88	15.14	3.26
	29.58	0.40	3.07	5.94
	6.35	0.70	2.98	0.51
	4.82	0.42	2.94	0.42
	6.59	0.74	2.62	0.44
	2.15	0.27	2.51	0.46
	6.12	0.72	2.84	0.74
	7.19	0.32	2.73	0.45
	3.59	0.60	2.66	0.46
	1.24	0.26	2.48	0.42
	3.03	0.30	2.77	0.62
	4.10	0.44	2.55	0.41
	1.43	0.27	2.51	0.43
	1.38	0.27	2.38	0.44
	3.29	0.33	3.03	0.49
	3.16	0.51	2.00	0.39
	1.63	0.25	1.95	0.39
	1.62	0.23	1.93	0.41
	3.48	0.32	2.37	0.41
	2.82	0.38	2.24	0.42
	17.17	0.24	1.94	0.49
	4.84	0.31	2.04	0.37
	3.69	0.40	1.96	0.37
	3.23	0.48	1.77	0.32
	2.33	0.34	1.76	0.34
	2.41	0.34	1.69	0.31
	2.53	0.43	1.82	0.35
	5.27	0.41	1.71	0.36
	2.74	0.72	2.26	0.32
	6.05	0.91	2.54	0.33
	2.27	0.50	2.69	0.36
	2.37	0.54	2.35	0.32
	5.66	0.41	1.72	0.30
	10.23	0.44	2.06	0.32
	2.65	0.43	1.76	0.35
	7.07	0.76	1.80	0.31
	2.48	0.50	1.81	0.32
	2.55	0.42	1.92	0.35
	2.78	0.47	1.85	0.81
	2.61	0.49	2.40	0.34
	6.20	0.50	3.41	0.43
	6.53	0.46	2.11	0.41
	11.54	1.15	8.41	1.01
	2.80	0.77	4.04	0.32
	6.22	0.98	2.79	0.32
	2.97	0.59	2.75	0.32
	4.52	0.54	2.54	0.33
	2.98	0.60	2.33	0.55
	2.65	0.55	2.29	0.30
	2.44	0.45	2.22	0.36
	2.65	0.60	2.31	0.36
	2.43	0.46	2.23	0.48
	2.45	0.49	2.27	0.36
	2.52	0.54	2.71	0.44
	4.25	0.57	3.74	0.57
	2.57	0.62	3.72	0.44
	2.63	0.62	3.77	0.44
	2.60	1.20	7.88	0.75
	2.44	1.06	7.38	0.98
	1.86	1.52	7.35	1.50
	6.04	2.60	9.39	5.18
	2.58	0.32	2.68	0.33
	1.88	0.55	2.82	0.40
	1.87	0.53	2.71	0.37
	2.43	0.70	2.85	0.39
	2.43	0.52	3.51	0.40
	2.71	0.57	2.77	0.83
	3.73	0.49	2.64	0.41
	4.01	0.44	2.65	0.40
	2.69	0.63	2.79	0.38
	2.44	0.72	3.01	0.41
	4.07	1.13	2.82	0.46
	3.32	0.70	3.33	0.41
	3.44	0.60	2.71	0.37
	3.23	0.71	2.64	0.38
	4.18	0.88	3.13	0.57
	3.72	0.63	3.49	0.53
	7.51	0.55	7.37	3.24
	7.56	1.58	3.86	0.53
	5.72	0.52	2.64	0.46
	10.86	1.44	3.50	2.45
	2.57	0.52	2.88	0.54
	9.35	0.64	2.94	0.46
	2.13	0.30	2.68	0.41
	7.35	0.62	2.72	0.41
	2.22	0.30	2.71	0.42
	1.76	0.28	2.58	0.40
	3.73	0.31	2.44	0.39
	3.73	0.38	3.12	0.74
	9.56	0.39	2.95	0.43
	2.12	0.32	2.76	0.40
	3.13	0.47	2.50	0.45
	2.06	0.22	2.03	0.46
	4.21	0.25	1.91	0.33
	3.34	0.32	1.91	0.50
	2.17	0.23	1.92	1.06
	5.41	0.31	2.29	0.46
	8.88	0.91	6.27	1.29
	7.51	0.32	2.26	0.46
	5.39	0.23	1.91	0.68
	20.07	0.77	4.92	0.68
	14.78	0.89	6.20	0.62
	16.47	0.24	2.26	0.85
	3.94	0.25	1.69	1.40
	3.77	0.45	1.74	0.34
	4.03	0.50	1.73	0.31
	4.03	0.45	1.73	0.30
	5.25	0.62	1.88	0.28
	3.38	0.53	1.92	0.31
	15.71	0.77	2.07	0.39
	3.84	0.20	1.96	0.74
	4.61	0.47	1.59	0.31
	2.47	0.44	1.44	0.32
	4.57	0.38	1.45	0.32
	3.35	0.34	1.33	0.28
	2.71	0.41	1.35	0.28
	7.06	0.38	1.43	0.32
	3.34	0.43	1.60	0.29
	4.95	0.49	1.45	0.28
	2.73	0.44	1.44	0.27
	3.57	0.39	1.52	0.28
	4.42	0.37	1.37	0.28
	7.89	0.32	1.40	0.32
	2.88	0.41	1.45	0.28
	2.08	0.33	1.44	0.30
	2.18	0.49	1.40	0.30
	3.71	0.43	2.06	0.85
	2.34	0.48	1.92	0.36
	2.18	0.42	1.92	0.35
	2.23	0.42	2.52	0.37
	4.18	0.62	1.97	0.35
	2.28	0.49	2.53	0.35
	2.14	0.47	2.32	0.39
	2.75	0.54	1.87	0.35
	2.30	0.54	1.56	0.28
	4.38	0.37	1.50	0.56
	2.60	0.40	2.32	0.30
	2.26	0.40	1.58	0.28
	5.55	0.54	2.60	0.41
	3.49	0.68	1.99	0.40
	10.28	0.55	1.93	0.41
	5.72	1.10	3.31	0.44
	4.30	0.45	1.89	0.41
	3.10	0.41	2.06	0.40
	2.15	0.47	1.80	0.31
	2.68	0.54	2.11	0.34
	5.35	0.44	1.85	0.38
	2.68	0.60	1.82	0.39
	3.64	0.41	1.74	0.40
	2.72	0.47	1.85	0.41
	2.51	1.20	1.93	0.41
	2.91	0.64	2.00	0.38
	2.71	0.64	2.78	0.38
	2.13	0.50	2.30	0.42
	2.96	0.40	2.09	0.40
	2.76	0.61	2.02	0.39
	2.74	0.67	2.18	0.39
	2.89	0.63	2.08	0.39
	3.14	0.41	1.94	0.41
	3.40	0.47	1.90	0.37
	3.71	0.42	1.91	0.37
	5.22	0.34	1.95	0.36
	4.64	0.47	2.81	0.40
	7.90	0.69	6.40	1.74
	3.42	0.23	1.70	0.45
	20.27	1.15	2.23	0.60
	10.53	1.41	2.82	1.29
	1.95	0.22	1.76	0.51
	4.69	0.40	2.06	0.45
	3.47	0.31	1.95	0.66
	3.54	0.26	1.88	0.49
	4.78	0.66	2.06	0.49
	3.45	0.29	2.08	0.52
	3.16	0.35	2.00	0.50
	24.18	0.62	2.63	0.54
	2.23	0.25	2.15	0.49
	4.67	0.31	1.98	0.49
	2.76	0.36	2.10	0.50
	4.46	0.30	2.05	0.44
	2.97	0.40	2.01	0.42
	1.88	0.23	1.64	0.42
	16.68	0.36	1.68	0.35
	2.99	0.19	1.47	0.49
	2.09	0.32	1.48	0.32
	3.47	0.41	1.34	0.27
	3.63	0.45	1.38	0.28
	3.23	0.33	1.32	0.33
	4.71	0.39	1.42	0.29
	18.38	0.46	1.62	0.43
	5.62	0.27	1.53	1.08
	4.51	0.38	1.39	0.32
	4.49	0.61	1.52	0.31
	2.32	0.46	1.39	0.29
	4.25	0.41	1.58	0.32
	4.63	0.35	1.51	0.31
	22.01	0.80	2.10	0.42
	3.71	0.25	1.72	0.33
	2.27	0.19	1.73	0.35
	4.25	0.26	1.82	0.33
	4.99	0.42	1.86	0.34
	2.44	0.25	1.92	0.35
	11.45	0.32	1.97	0.56
	3.52	0.23	1.69	0.34
	2.07	0.21	1.64	0.32
	4.03	0.22	1.69	0.33
	1.96	0.20	1.82	0.34
	3.86	0.39	1.76	0.82
	3.04	0.27	1.95	0.40
	3.30	0.26	1.97	0.48
	2.12	0.30	1.96	0.40
	1.88	0.54	1.87	0.41
	3.27	0.29	1.96	0.49
	4.35	0.27	2.62	0.47
	1.94	0.50	2.50	0.52
	14.64	0.50	2.44	0.48
	4.32	0.30	2.31	0.41
	2.90	0.69	2.57	0.46
	3.75	0.50	1.89	0.38
	2.82	0.71	1.96	0.36
	2.69	0.50	3.03	0.38
	2.57	0.48	1.97	0.38
	7.51	0.49	1.84	0.40
	4.97	0.53	2.46	0.37
	2.66	0.49	2.14	0.36
	2.51	0.49	2.21	0.35
	2.71	0.53	2.33	0.52
	4.10	0.56	2.08	0.38
	2.60	0.62	2.07	0.35
	2.51	0.49	2.18	0.37
	2.54	0.53	2.29	0.36
	2.54	0.48	2.04	0.41
	2.67	0.56	1.95	0.37
	5.65	0.46	1.87	0.42
	2.72	0.76	1.97	0.36
	2.57	0.52	1.89	0.37
	2.48	0.50	1.95	0.37
	3.73	0.41	2.06	0.39
	2.95	0.60	1.93	1.61
	2.15	1.09	3.98	0.47
	2.46	0.35	1.86	0.43
	2.25	0.34	2.01	0.47
	2.03	0.31	1.88	0.45
	1.88	0.29	1.87	0.42
	2.09	1.42	1.94	0.50
	2.18	0.25	1.84	0.41
	3.65	0.27	1.86	0.45
	2.13	0.25	1.92	0.47
	2.09	0.25	1.96	0.47
	2.11	0.25	1.97	0.44
	2.16	0.25	2.09	0.47
	2.29	0.26	1.93	0.46
	2.03	0.25	1.97	0.44
	1.91	0.26	2.09	0.48
	2.36	0.24	2.00	0.47
	1.99	0.32	1.98	0.43
	3.35	0.23	1.94	0.40
	2.40	0.19	1.91	0.40
	10.14	1.05	7.10	1.70
	2.72	0.27	2.05	0.47
	4.68	0.34	2.17	0.45
	7.39	0.57	1.95	0.48
	4.43	0.24	1.98	0.79
	7.82	0.68	2.19	0.84
	21.19	0.27	2.01	0.50
	4.77	0.47	2.10	0.50
	5.35	0.27	2.24	0.47
	1.74	0.32	2.09	0.49
	4.64	0.35	1.84	0.38
	2.32	0.25	1.99	0.46
	23.42	0.37	2.09	0.50
	2.12	0.26	2.10	0.46
	3.22	0.25	1.93	0.53
	3.65	0.27	3.16	0.46
	4.13	0.41	2.01	0.49
	2.30	0.27	1.91	0.48
	1.70	0.24	1.95	0.77
	1.92	0.26	2.00	0.53
	1.82	0.40	2.51	0.47
	9.60	0.29	2.23	0.51
	2.21	1.23	4.35	0.51
	1.83	0.27	2.72	0.44
	1.81	0.50	2.21	2.08
	11.07	0.48	1.70	0.28
	3.20	0.36	1.72	0.32
	2.11	0.37	1.76	0.28
	1.88	0.43	1.79	0.28
	2.12	0.40	1.79	0.27
	1.98	0.40	1.84	0.27
	1.92	0.43	1.81	0.30
	2.03	0.41	1.81	0.27
	4.99	0.36	1.74	0.29
	2.76	0.45	1.63	0.27
	2.46	0.42	1.57	0.27
	4.78	0.37	1.66	0.29
	2.45	0.37	1.61	0.29
	2.59	0.53	1.61	0.27
	2.57	0.43	1.69	0.30
	2.46	0.37	1.62	0.27
	2.66	0.40	1.65	0.28
	3.10	0.44	1.96	0.34
	2.62	0.65	2.08	0.41
	2.50	0.72	2.09	0.40
	7.13	0.57	2.29	0.41
	3.75	0.42	2.26	0.41
	2.47	0.45	2.33	0.39
	3.08	0.59	2.24	0.40
	2.96	0.52	2.13	0.39
	2.63	0.64	2.15	0.39
	4.36	0.42	2.17	0.59
	2.85	0.59	2.82	0.34
	2.54	0.45	2.28	0.39
	2.38	0.51	2.71	0.36
	2.45	0.45	2.32	0.41
	3.56	0.49	2.06	0.35
	3.50	0.31	2.52	0.39
	2.46	0.43	2.18	0.35
	2.22	0.42	2.26	0.35
	7.06	0.81	6.92	2.12
	5.59	0.35	2.35	0.51
	6.88	0.62	2.13	0.50
	4.81	0.49	2.71	0.53
	9.72	1.16	2.87	0.39
	3.45	0.54	1.98	0.35
	7.74	0.65	2.33	0.72
	6.25	0.71	2.19	0.35
	4.43	0.45	2.11	0.35
	2.14	1.48	1.93	0.36
	4.42	0.65	1.96	0.39
	4.09	0.49	1.88	0.37
	5.56	0.39	1.90	0.41
	4.29	0.41	1.89	0.39
	4.15	0.58	1.97	0.38
	3.73	0.39	1.86	0.40
	4.34	0.41	1.85	0.37
	3.99	0.55	1.93	0.37
	3.84	0.54	1.93	0.42
	8.20	0.46	2.03	0.39
	6.52	0.66	2.85	0.32
	3.32	0.44	1.98	0.37
	4.02	0.40	1.75	0.35
	4.57	0.42	1.71	0.35
	3.03	0.41	1.82	0.36
	4.22	0.54	1.91	0.37
	21.10	0.56	1.92	0.66
	14.29	0.33	1.69	0.54
	4.28	0.43	1.63	0.35
	3.18	4.85	1.72	0.35
	1.59	0.39	5.72	2.05
	2.26	0.23	6.52	0.88
	2.03	0.29	2.33	0.56
	2.84	0.38	2.74	0.56
	2.88	0.22	4.27	0.43
	3.00	0.43	1.98	0.41
	2.49	0.22	2.12	0.41
	1.89	0.16	1.66	0.41
	2.94	0.18	2.47	0.44
	1.67	0.18	4.26	0.56
	1.58	0.20	2.12	0.42
	1.59	0.20	2.01	0.42
	1.62	0.20	2.07	0.69
	1.82	0.20	2.03	0.42
	1.61	0.21	1.86	0.42
	1.71	0.21	1.92	0.47
	1.72	0.49	2.06	0.45
	1.72	0.22	2.01	0.45
	1.76	0.21	1.84	0.44
